100;005000;020000;0010000;020000;0010000
100;005100;020160;0010280;020140;0010270
100;005200;020320;0010565;020280;0010545
100;005300;020480;0010855;020420;0010825
100;005400;020640;0011145;020560;0011100
100;005500;020800;0011440;020700;0011385
100;005600;020960;0011740;020840;0011670
100;005700;021120;0012040;020980;0011960
100;005800;021280;0012340;021120;0012250
100;005900;021440;0012650;021260;0012545
100;006000;021600;0012960;021400;0012840
100;006100;021760;0013275;021540;0013140
100;006200;021920;0013590;021680;0013440
100;006300;022080;0013910;021820;0013745
100;006400;022240;0014235;021960;0014055
100;006500;022400;0014560;022100;0014365
100;006600;022560;0014890;022240;0014680
100;006700;022720;0015220;022380;0014995
100;006800;022880;0015560;022520;0015315
100;006900;023040;0015900;022660;0015635
100;007000;023200;0016240;022800;0015960
100;007100;023360;0016585;022940;0016285
100;007200;023520;0016935;023080;0016620
100;007300;023680;0017285;023220;0016950
100;007400;023840;0017640;023360;0017285
100;007500;024000;0018000;023500;0017625
100;007600;024160;0018360;023640;0017965
100;007700;024320;0018725;023780;0018310
100;007800;024480;0019095;023920;0018660
100;007900;024640;0019465;024060;0019005
100;008000;024800;0019840;024200;0019360
100;008100;024960;0020220;024340;0019715
100;008200;025120;0020600;024480;0020075
100;008300;025280;0020980;024620;0020435
100;008400;025440;0021370;024760;0020800
100;008500;025600;0021760;024900;0021165
100;008600;025760;0022155;025040;0021535
100;008700;025920;0022550;025180;0021905
100;008800;026080;0022950;025320;0022280
100;008900;026240;0023355;025460;0022660
100;009000;026400;0023760;025600;0023040
100;009100;026560;0024170;025740;0023425
100;009200;026720;0024580;025880;0023810
100;009300;026880;0025000;026020;0024200
100;009400;027040;0025420;026160;0024590
100;009500;027200;0025840;026300;0024985
100;009600;027360;0026265;026440;0025380
100;009700;027520;0026695;026580;0025785
100;009800;027680;0027125;026720;0026185
100;009900;027840;0027560;026860;0026590
100;010000;028000;0028000;027000;0027000
100;010100;028180;0028460;027180;0027450
100;010200;028360;0028925;027360;0027905
100;010300;028540;0029395;027540;0028365
100;010400;028720;0029870;027720;0028830
100;010500;028900;0030345;027900;0029295
100;010600;029080;0030825;028080;0029765
100;010700;029260;0031310;028260;0030240
100;010800;029440;0031795;028440;0030715
100;010900;029620;0032285;028620;0031195
100;011000;029800;0032780;028800;0031680
100;011100;029980;0033280;028980;0032170
100;011200;030160;0033780;029160;0032660
100;011300;030340;0034285;029340;0033155
100;011400;030520;0034795;029520;0033655
100;011500;030700;0035305;029700;0034155
100;011600;030880;0035820;029880;0034660
100;011700;031060;0036340;030060;0035170
100;011800;031240;0036865;030240;0035685
100;011900;031420;0037390;030420;0036200
100;012000;031600;0037920;030600;0036720
100;012100;031780;0038455;030780;0037245
100;012200;031960;0038990;030960;0037770
100;012300;032140;0039530;031140;0038300
100;012400;032320;0040075;031320;0038835
100;012500;032500;0040625;031500;0039375
100;012600;032680;0041175;031680;0039915
100;012700;032860;0041730;031860;0040460
100;012800;033040;0042290;032040;0041010
100;012900;033220;0042855;032220;0041565
100;013000;033400;0043420;032400;0042120
100;013100;033580;0043990;032580;0042680
100;013200;033760;0044565;032760;0043245
100;013300;033940;0045140;032940;0043810
100;013400;034120;0045720;033120;0044380
100;013500;034300;0046305;033300;0044955
100;013600;034480;0046895;033480;0045535
100;013700;034660;0047485;033660;0046115
100;013800;034840;0048080;033840;0046700
100;013900;035020;0048680;034020;0047290
100;014000;035200;0049280;034200;0047880
100;014100;035380;0049885;034380;0048475
100;014200;035560;0050495;034560;0049075
100;014300;035740;0051110;034740;0049680
100;014400;035920;0051725;034920;0050285
100;014500;036100;0052345;035100;0050895
100;014600;036280;0052970;035280;0051510
100;014700;036460;0053595;035460;0052125
100;014800;036640;0054225;035640;0052745
100;014900;036820;0054860;035820;0053370
100;015000;037000;0055500;036000;0054000
100;015100;037180;0056140;036160;0054600
100;015200;037360;0056785;036320;0055205
100;015300;037540;0057435;036480;0055815
100;015400;037720;0058090;036640;0056425
100;015500;037900;0058745;036800;0057040
100;015600;038080;0059405;036960;0057660
100;015700;038260;0060070;037120;0058280
100;015800;038440;0060735;037280;0058900
100;015900;038620;0061405;037440;0059530
100;016000;038800;0062080;037600;0060160
100;016100;038980;0062760;037760;0060795
100;016200;039160;0063440;037920;0061430
100;016300;039340;0064125;038080;0062070
100;016400;039520;0064815;038240;0062715
100;016500;039700;0065505;038400;0063360
100;016600;039880;0066200;038560;0064010
100;016700;040060;0066900;038720;0064660
100;016800;040240;0067605;038880;0065320
100;016900;040420;0068310;039040;0065980
100;017000;040600;0069020;039200;0066640
100;017100;040780;0069735;039360;0067305
100;017200;040960;0070450;039520;0067975
100;017300;041140;0071170;039680;0068645
100;017400;041320;0071895;039840;0069320
100;017500;041500;0072625;040000;0070000
100;017600;041680;0073355;040160;0070680
100;017700;041860;0074090;040320;0071365
100;017800;042040;0074830;040480;0072055
100;017900;042220;0075575;040640;0072745
100;018000;042400;0076320;040800;0073440
100;018100;042580;0077070;040960;0074140
100;018200;042760;0077825;041120;0074840
100;018300;042940;0078580;041280;0075540
100;018400;043120;0079340;041440;0076250
100;018500;043300;0080105;041600;0076960
100;018600;043480;0080875;041760;0077675
100;018700;043660;0081645;041920;0078390
100;018800;043840;0082420;042080;0079110
100;018900;044020;0083200;042240;0079835
100;019000;044200;0083980;042400;0080560
100;019100;044380;0084765;042560;0081290
100;019200;044560;0085555;042720;0082020
100;019300;044740;0086350;042880;0082760
100;019400;044920;0087145;043040;0083500
100;019500;045100;0087945;043200;0084240
100;019600;045280;0088750;043360;0084985
100;019700;045460;0089555;043520;0085735
100;019800;045640;0090365;043680;0086485
100;019900;045820;0091180;043840;0087240
100;020000;046000;0092000;044000;0088000
100;020100;046170;0092800;044140;0088720
100;020200;046340;0093605;044280;0089445
100;020300;046510;0094415;044420;0090175
100;020400;046680;0095225;044560;0090900
100;020500;046850;0096045;044700;0091635
100;020600;047020;0096860;044840;0092370
100;020700;047190;0097685;044980;0093110
100;020800;047360;0098510;045120;0093850
100;020900;047530;0099340;045260;0094595
100;021000;047700;0100170;045400;0095340
100;021100;047870;0101005;045540;0096090
100;021200;048040;0101845;045680;0096840
100;021300;048210;0102685;045820;0097595
100;021400;048380;0103535;045960;0098355
100;021500;048550;0104385;046100;0099115
100;021600;048720;0105235;046240;0099880
100;021700;048890;0106090;046380;0100645
100;021800;049060;0106950;046520;0101415
100;021900;049230;0107815;046660;0102185
100;022000;049400;0108680;046800;0102960
100;022100;049570;0109550;046940;0103735
100;022200;049740;0110425;047080;0104520
100;022300;049910;0111300;047220;0105300
100;022400;050080;0112180;047360;0106085
100;022500;050250;0113065;047500;0106875
100;022600;050420;0113950;047640;0107665
100;022700;050590;0114840;047780;0108460
100;022800;050760;0115735;047920;0109260
100;022900;050930;0116630;048060;0110055
100;023000;051100;0117530;048200;0110860
100;023100;051270;0118435;048340;0111665
100;023200;051440;0119340;048480;0112475
100;023300;051610;0120250;048620;0113285
100;023400;051780;0121165;048760;0114100
100;023500;051950;0122085;048900;0114915
100;023600;052120;0123005;049040;0115735
100;023700;052290;0123925;049180;0116555
100;023800;052460;0124855;049320;0117380
100;023900;052630;0125785;049460;0118210
100;024000;052800;0126720;049600;0119040
100;024100;052970;0127660;049740;0119875
100;024200;053140;0128600;049880;0120710
100;024300;053310;0129545;050020;0121550
100;024400;053480;0130490;050160;0122390
100;024500;053650;0131445;050300;0123235
100;024600;053820;0132395;050440;0124080
100;024700;053990;0133355;050580;0124935
100;024800;054160;0134315;050720;0125785
100;024900;054330;0135280;050860;0126640
100;025000;054500;0136250;051000;0127500
100;025100;054670;0137220;051140;0128360
100;025200;054840;0138195;051280;0129225
100;025300;055010;0139175;051420;0130095
100;025400;055180;0140155;051560;0130960
100;025500;055350;0141145;051700;0131835
100;025600;055520;0142130;051840;0132710
100;025700;055690;0143125;051980;0133590
100;025800;055860;0144120;052120;0134470
100;025900;056030;0145120;052260;0135355
100;026000;056200;0146120;052400;0136240
100;026100;056370;0147125;052540;0137130
100;026200;056540;0148135;052680;0138020
100;026300;056710;0149145;052820;0138915
100;026400;056880;0150165;052960;0139815
100;026500;057050;0151185;053100;0140715
100;026600;057220;0152205;053240;0141620
100;026700;057390;0153230;053380;0142525
100;026800;057560;0154260;053520;0143435
100;026900;057730;0155295;053660;0144345
100;027000;057900;0156330;053800;0145260
100;027100;058070;0157370;053940;0146175
100;027200;058240;0158415;054080;0147100
100;027300;058410;0159460;054220;0148020
100;027400;058580;0160510;054360;0148945
100;027500;058750;0161565;054500;0149875
100;027600;058920;0162620;054640;0150805
100;027700;059090;0163680;054780;0151740
100;027800;059260;0164745;054920;0152680
100;027900;059430;0165810;055060;0153615
100;028000;059600;0166880;055200;0154560
100;028100;059770;0167955;055340;0155505
100;028200;059940;0169030;055480;0156455
100;028300;060110;0170110;055620;0157405
100;028400;060280;0171195;055760;0158360
100;028500;060450;0172285;055900;0159315
100;028600;060620;0173375;056040;0160275
100;028700;060790;0174465;056180;0161235
100;028800;060960;0175565;056320;0162200
100;028900;061130;0176665;056460;0163170
100;029000;061300;0177770;056600;0164140
100;029100;061470;0178880;056740;0165115
100;029200;061640;0179990;056880;0166090
100;029300;061810;0181105;057020;0167070
100;029400;061980;0182220;057160;0168050
100;029500;062150;0183345;057300;0169035
100;029600;062320;0184465;057440;0170020
100;029700;062490;0185595;057580;0171015
100;029800;062660;0186725;057720;0172005
100;029900;062830;0187860;057860;0173000
100;030000;063000;0189000;058000;0174000
100;030100;063140;0190050;058100;0174880
100;030200;063280;0191105;058200;0175765
100;030300;063420;0192165;058300;0176650
100;030400;063560;0193220;058400;0177535
100;030500;063700;0194285;058500;0178425
100;030600;063840;0195350;058600;0179315
100;030700;063980;0196420;058700;0180210
100;030800;064120;0197490;058800;0181105
100;030900;064260;0198565;058900;0182000
100;031000;064400;0199640;059000;0182900
100;031100;064540;0200720;059100;0183800
100;031200;064680;0201800;059200;0184705
100;031300;064820;0202885;059300;0185610
100;031400;064960;0203975;059400;0186515
100;031500;065100;0205065;059500;0187425
100;031600;065240;0206160;059600;0188335
100;031700;065380;0207255;059700;0189250
100;031800;065520;0208355;059800;0190165
100;031900;065660;0209455;059900;0191080
100;032000;065800;0210560;060000;0192000
100;032100;065940;0211665;060100;0192920
100;032200;066080;0212780;060200;0193845
100;032300;066220;0213890;060300;0194770
100;032400;066360;0215005;060400;0195695
100;032500;066500;0216125;060500;0196625
100;032600;066640;0217245;060600;0197555
100;032700;066780;0218370;060700;0198490
100;032800;066920;0219500;060800;0199425
100;032900;067060;0220625;060900;0200360
100;033000;067200;0221760;061000;0201300
100;033100;067340;0222895;061100;0202240
100;033200;067480;0224035;061200;0203185
100;033300;067620;0225175;061300;0204130
100;033400;067760;0226320;061400;0205075
100;033500;067900;0227465;061500;0206025
100;033600;068040;0228615;061600;0206975
100;033700;068180;0229765;061700;0207930
100;033800;068320;0230920;061800;0208885
100;033900;068460;0232080;061900;0209840
100;034000;068600;0233240;062000;0210800
100;034100;068740;0234405;062100;0211760
100;034200;068880;0235570;062200;0212725
100;034300;069020;0236740;062300;0213690
100;034400;069160;0237910;062400;0214655
100;034500;069300;0239085;062500;0215625
100;034600;069440;0240260;062600;0216595
100;034700;069580;0241445;062700;0217570
100;034800;069720;0242625;062800;0218545
100;034900;069860;0243810;062900;0219520
100;035000;070000;0245000;063000;0220500
100;035100;070140;0246190;063100;0221480
100;035200;070280;0247385;063200;0222465
100;035300;070420;0248585;063300;0223450
100;035400;070560;0249780;063400;0224435
100;035500;070700;0250985;063500;0225425
100;035600;070840;0252190;063600;0226415
100;035700;070980;0253400;063700;0227410
100;035800;071120;0254610;063800;0228405
100;035900;071260;0255825;063900;0229400
100;036000;071400;0257040;064000;0230400
100;036100;071540;0258260;064100;0231400
100;036200;071680;0259480;064200;0232405
100;036300;071820;0260705;064300;0233410
100;036400;071960;0261935;064400;0234415
100;036500;072100;0263165;064500;0235425
100;036600;072240;0264400;064600;0236435
100;036700;072380;0265635;064700;0237450
100;036800;072520;0266875;064800;0238465
100;036900;072660;0268115;064900;0239480
100;037000;072800;0269360;065000;0240500
100;037100;072940;0270605;065100;0241520
100;037200;073080;0271860;065200;0242545
100;037300;073220;0273110;065300;0243570
100;037400;073360;0274365;065400;0244595
100;037500;073500;0275625;065500;0245625
100;037600;073640;0276885;065600;0246655
100;037700;073780;0278150;065700;0247690
100;037800;073920;0279420;065800;0248725
100;037900;074060;0280685;065900;0249760
100;038000;074200;0281960;066000;0250800
100;038100;074340;0283235;066100;0251840
100;038200;074480;0284515;066200;0252885
100;038300;074620;0285795;066300;0253930
100;038400;074760;0287080;066400;0254975
100;038500;074900;0288365;066500;0256025
100;038600;075040;0289655;066600;0257075
100;038700;075180;0290945;066700;0258130
100;038800;075320;0292240;066800;0259185
100;038900;075460;0293540;066900;0260240
100;039000;075600;0294840;067000;0261300
100;039100;075740;0296145;067100;0262360
100;039200;075880;0297450;067200;0263425
100;039300;076020;0298760;067300;0264490
100;039400;076160;0300070;067400;0265555
100;039500;076300;0301385;067500;0266625
100;039600;076440;0302700;067600;0267695
100;039700;076580;0304025;067700;0268770
100;039800;076720;0305345;067800;0269845
100;039900;076860;0306670;067900;0270920
100;040000;077000;0308000;068000;0272000
100;040100;077130;0309290;068070;0272960
100;040200;077260;0310585;068140;0273925
100;040300;077390;0311880;068210;0274885
100;040400;077520;0313180;068280;0275850
100;040500;077650;0314485;068350;0276820
100;040600;077780;0315785;068420;0277785
100;040700;077910;0317095;068490;0278755
100;040800;078040;0318405;068560;0279725
100;040900;078170;0319715;068630;0280695
100;041000;078300;0321030;068700;0281670
100;041100;078430;0322345;068770;0282645
100;041200;078560;0323665;068840;0283620
100;041300;078690;0324990;068910;0284600
100;041400;078820;0326315;068980;0285575
100;041500;078950;0327645;069050;0286560
100;041600;079080;0328975;069120;0287540
100;041700;079210;0330305;069190;0288520
100;041800;079340;0331640;069260;0289505
100;041900;079470;0332980;069330;0290495
100;042000;079600;0334320;069400;0291480
100;042100;079730;0335665;069470;0292470
100;042200;079860;0337010;069540;0293460
100;042300;079990;0338360;069610;0294450
100;042400;080120;0339710;069680;0295445
100;042500;080250;0341065;069750;0296440
100;042600;080380;0342420;069820;0297435
100;042700;080510;0343780;069890;0298430
100;042800;080640;0345140;069960;0299430
100;042900;080770;0346505;070030;0300430
100;043000;080900;0347870;070100;0301430
100;043100;081030;0349240;070170;0302435
100;043200;081160;0350610;070240;0303435
100;043300;081290;0351985;070310;0304440
100;043400;081420;0353365;070380;0305450
100;043500;081550;0354745;070450;0306460
100;043600;081680;0356125;070520;0307465
100;043700;081810;0357510;070590;0308480
100;043800;081940;0358895;070660;0309490
100;043900;082070;0360285;070730;0310505
100;044000;082200;0361680;070800;0311520
100;044100;082330;0363075;070870;0312535
100;044200;082460;0364475;070940;0313555
100;044300;082590;0365875;071010;0314575
100;044400;082720;0367275;071080;0315595
100;044500;082850;0368685;071150;0316620
100;044600;082980;0370090;071220;0317640
100;044700;083110;0371500;071290;0318665
100;044800;083240;0372915;071360;0319695
100;044900;083370;0374330;071430;0320720
100;045000;083500;0375750;071500;0321750
100;045100;083630;0377170;071570;0322780
100;045200;083760;0378595;071640;0323815
100;045300;083890;0380020;071710;0324845
100;045400;084020;0381450;071780;0325880
100;045500;084150;0382885;071850;0326920
100;045600;084280;0384315;071920;0327955
100;045700;084410;0385755;071990;0328995
100;045800;084540;0387195;072060;0330035
100;045900;084670;0388635;072130;0331075
100;046000;084800;0390080;072200;0332120
100;046100;084930;0391525;072270;0333165
100;046200;085060;0392975;072340;0334210
100;046300;085190;0394430;072410;0335260
100;046400;085320;0395885;072480;0336305
100;046500;085450;0397345;072550;0337360
100;046600;085580;0398805;072620;0338410
100;046700;085710;0400265;072690;0339460
100;046800;085840;0401730;072760;0340515
100;046900;085970;0403200;072830;0341575
100;047000;086100;0404670;072900;0342630
100;047100;086230;0406145;072970;0343690
100;047200;086360;0407620;073040;0344750
100;047300;086490;0409100;073110;0345810
100;047400;086620;0410580;073180;0346875
100;047500;086750;0412065;073250;0347940
100;047600;086880;0413550;073320;0349005
100;047700;087010;0415040;073390;0350070
100;047800;087140;0416530;073460;0351140
100;047900;087270;0418025;073530;0352210
100;048000;087400;0419520;073600;0353280
100;048100;087530;0421020;073670;0354355
100;048200;087660;0422520;073740;0355425
100;048300;087790;0424025;073810;0356500
100;048400;087920;0425535;073880;0357580
100;048500;088050;0427045;073950;0358660
100;048600;088180;0428555;074020;0359735
100;048700;088310;0430070;074090;0360820
100;048800;088440;0431585;074160;0361900
100;048900;088570;0433105;074230;0362985
100;049000;088700;0434630;074300;0364070
100;049100;088830;0436155;074370;0365155
100;049200;088960;0437685;074440;0366245
100;049300;089090;0439215;074510;0367335
100;049400;089220;0440745;074580;0368425
100;049500;089350;0442285;074650;0369520
100;049600;089480;0443820;074720;0370610
100;049700;089610;0445360;074790;0371705
100;049800;089740;0446905;074860;0372805
100;049900;089870;0448450;074930;0373900
100;050000;090000;0450000;075000;0375000
100;050100;090150;0451650;075050;0376000
100;050200;090300;0453305;075100;0377000
100;050300;090450;0454965;075150;0378005
100;050400;090600;0456625;075200;0379010
100;050500;090750;0458290;075250;0380015
100;050600;090900;0459955;075300;0381020
100;050700;091050;0461625;075350;0382025
100;050800;091200;0463295;075400;0383030
100;050900;091350;0464970;075450;0384040
100;051000;091500;0466650;075500;0385050
100;051100;091650;0468330;075550;0386060
100;051200;091800;0470015;075600;0387070
100;051300;091950;0471705;075650;0388085
100;051400;092100;0473395;075700;0389100
100;051500;092250;0475090;075750;0390115
100;051600;092400;0476785;075800;0391130
100;051700;092550;0478485;075850;0392145
100;051800;092700;0480185;075900;0393160
100;051900;092850;0481890;075950;0394180
100;052000;093000;0483600;076000;0395200
100;052100;093150;0485310;076050;0396220
100;052200;093300;0487025;076100;0397240
100;052300;093450;0488745;076150;0398265
100;052400;093600;0490465;076200;0399290
100;052500;093750;0492190;076250;0400315
100;052600;093900;0493915;076300;0401340
100;052700;094050;0495645;076350;0402365
100;052800;094200;0497375;076400;0403390
100;052900;094350;0499110;076450;0404420
100;053000;094500;0500850;076500;0405450
100;053100;094650;0502590;076550;0406480
100;053200;094800;0504335;076600;0407510
100;053300;094950;0506085;076650;0408545
100;053400;095100;0507835;076700;0409580
100;053500;095250;0509590;076750;0410615
100;053600;095400;0511345;076800;0411650
100;053700;095550;0513105;076850;0412685
100;053800;095700;0514865;076900;0413720
100;053900;095850;0516630;076950;0414760
100;054000;096000;0518400;077000;0415800
100;054100;096150;0520170;077050;0416840
100;054200;096300;0521945;077100;0417880
100;054300;096450;0523725;077150;0418925
100;054400;096600;0525505;077200;0419970
100;054500;096750;0527290;077250;0421015
100;054600;096900;0529075;077300;0422060
100;054700;097050;0530865;077350;0423105
100;054800;097200;0532655;077400;0424150
100;054900;097350;0534450;077450;0425200
100;055000;097500;0536250;077500;0426250
100;055100;097650;0538050;077550;0427300
100;055200;097800;0539855;077600;0428350
100;055300;097950;0541665;077650;0429405
100;055400;098100;0543475;077700;0430460
100;055500;098250;0545290;077750;0431515
100;055600;098400;0547105;077800;0432570
100;055700;098550;0548925;077850;0433625
100;055800;098700;0550745;077900;0434680
100;055900;098850;0552570;077950;0435740
100;056000;099000;0554400;078000;0436800
100;056100;099150;0556230;078050;0437860
100;056200;099300;0558065;078100;0438920
100;056300;099450;0559905;078150;0439985
100;056400;099600;0561745;078200;0441050
100;056500;099750;0563590;078250;0442115
100;056600;099900;0565435;078300;0443180
100;056700;100050;0567285;078350;0444245
100;056800;100200;0569135;078400;0445310
100;056900;100350;0570990;078450;0446380
100;057000;100500;0572850;078500;0447450
100;057100;100650;0574710;078550;0448520
100;057200;100800;0576575;078600;0449590
100;057300;100950;0578445;078650;0450665
100;057400;101100;0580315;078700;0451740
100;057500;101250;0582190;078750;0452815
100;057600;101400;0584065;078800;0453890
100;057700;101550;0585945;078850;0454965
100;057800;101700;0587825;078900;0456040
100;057900;101850;0589710;078950;0457120
100;058000;102000;0591600;079000;0458200
100;058100;102150;0593490;079050;0459280
100;058200;102300;0595385;079100;0460360
100;058300;102450;0597285;079150;0461445
100;058400;102600;0599185;079200;0462530
100;058500;102750;0601090;079250;0463615
100;058600;102900;0602995;079300;0464700
100;058700;103050;0604905;079350;0465785
100;058800;103200;0606815;079400;0466870
100;058900;103350;0608730;079450;0467960
100;059000;103500;0610650;079500;0469050
100;059100;103650;0612570;079550;0470140
100;059200;103800;0614495;079600;0471230
100;059300;103950;0616425;079650;0472325
100;059400;104100;0618355;079700;0473420
100;059500;104250;0620290;079750;0474515
100;059600;104400;0622225;079800;0475610
100;059700;104550;0624165;079850;0476705
100;059800;104700;0626105;079900;0477800
100;059900;104850;0628050;079950;0478900
100;060000;105000;0630000;080000;0480000
100;060100;105130;0631830;080040;0481040
100;060200;105260;0633665;080080;0482080
100;060300;105390;0635500;080120;0483125
100;060400;105520;0637340;080160;0484165
100;060500;105650;0639185;080200;0485210
100;060600;105780;0641025;080240;0486255
100;060700;105910;0642875;080280;0487300
100;060800;106040;0644725;080320;0488345
100;060900;106170;0646575;080360;0489390
100;061000;106300;0648430;080400;0490440
100;061100;106430;0650285;080440;0491490
100;061200;106560;0652145;080480;0492540
100;061300;106690;0654010;080520;0493590
100;061400;106820;0655875;080560;0494640
100;061500;106950;0657745;080600;0495690
100;061600;107080;0659615;080640;0496740
100;061700;107210;0661485;080680;0497795
100;061800;107340;0663360;080720;0498850
100;061900;107470;0665240;080760;0499905
100;062000;107600;0667120;080800;0500960
100;062100;107730;0669005;080840;0502015
100;062200;107860;0670890;080880;0503075
100;062300;107990;0672780;080920;0504130
100;062400;108120;0674670;080960;0505190
100;062500;108250;0676565;081000;0506250
100;062600;108380;0678460;081040;0507310
100;062700;108510;0680360;081080;0508370
100;062800;108640;0682260;081120;0509435
100;062900;108770;0684165;081160;0510495
100;063000;108900;0686070;081200;0511560
100;063100;109030;0687980;081240;0512625
100;063200;109160;0689890;081280;0513690
100;063300;109290;0691805;081320;0514755
100;063400;109420;0693725;081360;0515820
100;063500;109550;0695645;081400;0516890
100;063600;109680;0697565;081440;0517960
100;063700;109810;0699490;081480;0519030
100;063800;109940;0701415;081520;0520100
100;063900;110070;0703345;081560;0521170
100;064000;110200;0705280;081600;0522240
100;064100;110330;0707215;081640;0523310
100;064200;110460;0709155;081680;0524385
100;064300;110590;0711095;081720;0525460
100;064400;110720;0713035;081760;0526535
100;064500;110850;0714985;081800;0527610
100;064600;110980;0716930;081840;0528685
100;064700;111110;0718880;081880;0529765
100;064800;111240;0720835;081920;0530840
100;064900;111370;0722790;081960;0531920
100;065000;111500;0724750;082000;0533000
100;065100;111630;0726710;082040;0534080
100;065200;111760;0728675;082080;0535160
100;065300;111890;0730640;082120;0536245
100;065400;112020;0732610;082160;0537325
100;065500;112150;0734585;082200;0538410
100;065600;112280;0736555;082240;0539495
100;065700;112410;0738535;082280;0540580
100;065800;112540;0740515;082320;0541665
100;065900;112670;0742495;082360;0542750
100;066000;112800;0744480;082400;0543840
100;066100;112930;0746465;082440;0544930
100;066200;113060;0748455;082480;0546020
100;066300;113190;0750450;082520;0547110
100;066400;113320;0752445;082560;0548200
100;066500;113450;0754445;082600;0549290
100;066600;113580;0756445;082640;0550380
100;066700;113710;0758445;082680;0551475
100;066800;113840;0760450;082720;0552570
100;066900;113970;0762460;082760;0553665
100;067000;114100;0764470;082800;0554760
100;067100;114230;0766485;082840;0555855
100;067200;114360;0768500;082880;0556955
100;067300;114490;0770520;082920;0558050
100;067400;114620;0772540;082960;0559150
100;067500;114750;0774565;083000;0560250
100;067600;114880;0776590;083040;0561350
100;067700;115010;0778620;083080;0562450
100;067800;115140;0780650;083120;0563555
100;067900;115270;0782685;083160;0564655
100;068000;115400;0784720;083200;0565760
100;068100;115530;0786760;083240;0566865
100;068200;115660;0788800;083280;0567970
100;068300;115790;0790845;083320;0569075
100;068400;115920;0792895;083360;0570180
100;068500;116050;0794945;083400;0571290
100;068600;116180;0796995;083440;0572400
100;068700;116310;0799050;083480;0573510
100;068800;116440;0801105;083520;0574620
100;068900;116570;0803165;083560;0575730
100;069000;116700;0805230;083600;0576840
100;069100;116830;0807295;083640;0577950
100;069200;116960;0809365;083680;0579065
100;069300;117090;0811435;083720;0580180
100;069400;117220;0813505;083760;0581295
100;069500;117350;0815585;083800;0582410
100;069600;117480;0817660;083840;0583525
100;069700;117610;0819740;083880;0584645
100;069800;117740;0821825;083920;0585760
100;069900;117870;0823910;083960;0586880
100;070000;118000;0826000;084000;0588000
100;070100;118120;0828020;084040;0589120
100;070200;118240;0830045;084080;0590240
100;070300;118360;0832070;084120;0591365
100;070400;118480;0834100;084160;0592485
100;070500;118600;0836130;084200;0593610
100;070600;118720;0838165;084240;0594735
100;070700;118840;0840200;084280;0595860
100;070800;118960;0842235;084320;0596985
100;070900;119080;0844275;084360;0598110
100;071000;119200;0846320;084400;0599240
100;071100;119320;0848365;084440;0600370
100;071200;119440;0850415;084480;0601500
100;071300;119560;0852465;084520;0602630
100;071400;119680;0854515;084560;0603760
100;071500;119800;0856570;084600;0604890
100;071600;119920;0858625;084640;0606020
100;071700;120040;0860685;084680;0607155
100;071800;120160;0862750;084720;0608290
100;071900;120280;0864815;084760;0609425
100;072000;120400;0866880;084800;0610560
100;072100;120520;0868950;084840;0611695
100;072200;120640;0871020;084880;0612835
100;072300;120760;0873095;084920;0613970
100;072400;120880;0875170;084960;0615110
100;072500;121000;0877250;085000;0616250
100;072600;121120;0879330;085040;0617390
100;072700;121240;0881415;085080;0618530
100;072800;121360;0883500;085120;0619675
100;072900;121480;0885590;085160;0620815
100;073000;121600;0887680;085200;0621960
100;073100;121720;0889775;085240;0623105
100;073200;121840;0891870;085280;0624250
100;073300;121960;0893965;085320;0625395
100;073400;122080;0896065;085360;0626540
100;073500;122200;0898170;085400;0627690
100;073600;122320;0900275;085440;0628840
100;073700;122440;0902385;085480;0629990
100;073800;122560;0904495;085520;0631140
100;073900;122680;0906605;085560;0632290
100;074000;122800;0908720;085600;0633440
100;074100;122920;0910835;085640;0634590
100;074200;123040;0912955;085680;0635745
100;074300;123160;0915080;085720;0636900
100;074400;123280;0917205;085760;0638055
100;074500;123400;0919330;085800;0639210
100;074600;123520;0921460;085840;0640365
100;074700;123640;0923590;085880;0641525
100;074800;123760;0925725;085920;0642680
100;074900;123880;0927860;085960;0643840
100;075000;124000;0930000;086000;0645000
100;075100;124120;0932140;086040;0646160
100;075200;124240;0934285;086080;0647320
100;075300;124360;0936430;086120;0648485
100;075400;124480;0938580;086160;0649645
100;075500;124600;0940730;086200;0650810
100;075600;124720;0942885;086240;0651975
100;075700;124840;0945040;086280;0653140
100;075800;124960;0947195;086320;0654305
100;075900;125080;0949355;086360;0655470
100;076000;125200;0951520;086400;0656640
100;076100;125320;0953685;086440;0657810
100;076200;125440;0955855;086480;0658980
100;076300;125560;0958025;086520;0660150
100;076400;125680;0960195;086560;0661320
100;076500;125800;0962370;086600;0662490
100;076600;125920;0964545;086640;0663660
100;076700;126040;0966725;086680;0664835
100;076800;126160;0968910;086720;0666010
100;076900;126280;0971095;086760;0667185
100;077000;126400;0973280;086800;0668360
100;077100;126520;0975470;086840;0669535
100;077200;126640;0977660;086880;0670715
100;077300;126760;0979855;086920;0671890
100;077400;126880;0982050;086960;0673070
100;077500;127000;0984250;087000;0674250
100;077600;127120;0986450;087040;0675430
100;077700;127240;0988655;087080;0676610
100;077800;127360;0990860;087120;0677795
100;077900;127480;0993070;087160;0678975
100;078000;127600;0995280;087200;0680160
100;078100;127720;0997495;087240;0681345
100;078200;127840;0999710;087280;0682530
100;078300;127960;1001925;087320;0683715
100;078400;128080;1004145;087360;0684900
100;078500;128200;1006370;087400;0686090
100;078600;128320;1008595;087440;0687280
100;078700;128440;1010825;087480;0688470
100;078800;128560;1013055;087520;0689660
100;078900;128680;1015285;087560;0690850
100;079000;128800;1017520;087600;0692040
100;079100;128920;1019755;087640;0693230
100;079200;129040;1021995;087680;0694425
100;079300;129160;1024240;087720;0695620
100;079400;129280;1026485;087760;0696815
100;079500;129400;1028730;087800;0698010
100;079600;129520;1030980;087840;0699205
100;079700;129640;1033230;087880;0700405
100;079800;129760;1035485;087920;0701600
100;079900;129880;1037740;087960;0702800
100;080000;130000;1040000;088000;0704000
100;080100;130030;1041540;088020;0705040
100;080200;130060;1043080;088040;0706080
100;080300;130090;1044625;088060;0707120
100;080400;130120;1046165;088080;0708165
100;080500;130150;1047710;088100;0709205
100;080600;130180;1049250;088120;0710245
100;080700;130210;1050795;088140;0711290
100;080800;130240;1052340;088160;0712335
100;080900;130270;1053885;088180;0713375
100;081000;130300;1055430;088200;0714420
100;081100;130330;1056975;088220;0715465
100;081200;130360;1058525;088240;0716510
100;081300;130390;1060070;088260;0717555
100;081400;130420;1061620;088280;0718600
100;081500;130450;1063170;088300;0719645
100;081600;130480;1064715;088320;0720690
100;081700;130510;1066265;088340;0721740
100;081800;130540;1067815;088360;0722785
100;081900;130570;1069370;088380;0723830
100;082000;130600;1070920;088400;0724880
100;082100;130630;1072470;088420;0725930
100;082200;130660;1074025;088440;0726975
100;082300;130690;1075580;088460;0728025
100;082400;130720;1077135;088480;0729075
100;082500;130750;1078690;088500;0730125
100;082600;130780;1080245;088520;0731175
100;082700;130810;1081800;088540;0732225
100;082800;130840;1083355;088560;0733275
100;082900;130870;1084910;088580;0734330
100;083000;130900;1086470;088600;0735380
100;083100;130930;1088030;088620;0736430
100;083200;130960;1089585;088640;0737485
100;083300;130990;1091145;088660;0738540
100;083400;131020;1092705;088680;0739590
100;083500;131050;1094270;088700;0740645
100;083600;131080;1095830;088720;0741700
100;083700;131110;1097390;088740;0742755
100;083800;131140;1098955;088760;0743810
100;083900;131170;1100515;088780;0744865
100;084000;131200;1102080;088800;0745920
100;084100;131230;1103645;088820;0746975
100;084200;131260;1105210;088840;0748035
100;084300;131290;1106775;088860;0749090
100;084400;131320;1108340;088880;0750145
100;084500;131350;1109910;088900;0751205
100;084600;131380;1111475;088920;0752265
100;084700;131410;1113045;088940;0753320
100;084800;131440;1114610;088960;0754380
100;084900;131470;1116180;088980;0755440
100;085000;131500;1117750;089000;0756500
100;085100;131530;1119320;089020;0757560
100;085200;131560;1120890;089040;0758620
100;085300;131590;1122465;089060;0759680
100;085400;131620;1124035;089080;0760745
100;085500;131650;1125610;089100;0761805
100;085600;131680;1127180;089120;0762865
100;085700;131710;1128755;089140;0763930
100;085800;131740;1130330;089160;0764995
100;085900;131770;1131905;089180;0766055
100;086000;131800;1133480;089200;0767120
100;086100;131830;1135055;089220;0768185
100;086200;131860;1136635;089240;0769250
100;086300;131890;1138210;089260;0770315
100;086400;131920;1139790;089280;0771380
100;086500;131950;1141370;089300;0772445
100;086600;131980;1142945;089320;0773510
100;086700;132010;1144525;089340;0774580
100;086800;132040;1146105;089360;0775645
100;086900;132070;1147690;089380;0776710
100;087000;132100;1149270;089400;0777780
100;087100;132130;1150850;089420;0778850
100;087200;132160;1152435;089440;0779915
100;087300;132190;1154020;089460;0780985
100;087400;132220;1155605;089480;0782055
100;087500;132250;1157190;089500;0783125
100;087600;132280;1158775;089520;0784195
100;087700;132310;1160360;089540;0785265
100;087800;132340;1161945;089560;0786335
100;087900;132370;1163530;089580;0787410
100;088000;132400;1165120;089600;0788480
100;088100;132430;1166710;089620;0789550
100;088200;132460;1168295;089640;0790625
100;088300;132490;1169885;089660;0791700
100;088400;132520;1171475;089680;0792770
100;088500;132550;1173070;089700;0793845
100;088600;132580;1174660;089720;0794920
100;088700;132610;1176250;089740;0795995
100;088800;132640;1177845;089760;0797070
100;088900;132670;1179435;089780;0798145
100;089000;132700;1181030;089800;0799220
100;089100;132730;1182625;089820;0800295
100;089200;132760;1184220;089840;0801375
100;089300;132790;1185815;089860;0802450
100;089400;132820;1187410;089880;0803525
100;089500;132850;1189010;089900;0804605
100;089600;132880;1190605;089920;0805685
100;089700;132910;1192205;089940;0806760
100;089800;132940;1193800;089960;0807840
100;089900;132970;1195400;089980;0808920
100;090000;133000;1197000;090000;0810000
100;090100;133020;1198510;090010;0810990
100;090200;133040;1200020;090020;0811980
100;090300;133060;1201530;090030;0812970
100;090400;133080;1203045;090040;0813960
100;090500;133100;1204555;090050;0814955
100;090600;133120;1206065;090060;0815945
100;090700;133140;1207580;090070;0816935
100;090800;133160;1209095;090080;0817925
100;090900;133180;1210605;090090;0818920
100;091000;133200;1212120;090100;0819910
100;091100;133220;1213635;090110;0820900
100;091200;133240;1215150;090120;0821895
100;091300;133260;1216665;090130;0822885
100;091400;133280;1218180;090140;0823880
100;091500;133300;1219695;090150;0824875
100;091600;133320;1221210;090160;0825865
100;091700;133340;1222730;090170;0826860
100;091800;133360;1224245;090180;0827850
100;091900;133380;1225760;090190;0828845
100;092000;133400;1227280;090200;0829840
100;092100;133420;1228800;090210;0830835
100;092200;133440;1230315;090220;0831830
100;092300;133460;1231835;090230;0832825
100;092400;133480;1233355;090240;0833820
100;092500;133500;1234875;090250;0834815
100;092600;133520;1236395;090260;0835810
100;092700;133540;1237915;090270;0836805
100;092800;133560;1239435;090280;0837800
100;092900;133580;1240960;090290;0838795
100;093000;133600;1242480;090300;0839790
100;093100;133620;1244000;090310;0840785
100;093200;133640;1245525;090320;0841780
100;093300;133660;1247050;090330;0842780
100;093400;133680;1248570;090340;0843775
100;093500;133700;1250095;090350;0844775
100;093600;133720;1251620;090360;0845770
100;093700;133740;1253145;090370;0846765
100;093800;133760;1254670;090380;0847765
100;093900;133780;1256195;090390;0848760
100;094000;133800;1257720;090400;0849760
100;094100;133820;1259245;090410;0850760
100;094200;133840;1260775;090420;0851755
100;094300;133860;1262300;090430;0852755
100;094400;133880;1263825;090440;0853755
100;094500;133900;1265355;090450;0854755
100;094600;133920;1266885;090460;0855750
100;094700;133940;1268410;090470;0856750
100;094800;133960;1269940;090480;0857750
100;094900;133980;1271470;090490;0858750
100;095000;134000;1273000;090500;0859750
100;095100;134020;1274530;090510;0860750
100;095200;134040;1276060;090520;0861750
100;095300;134060;1277590;090530;0862750
100;095400;134080;1279125;090540;0863750
100;095500;134100;1280655;090550;0864755
100;095600;134120;1282185;090560;0865755
100;095700;134140;1283720;090570;0866755
100;095800;134160;1285255;090580;0867755
100;095900;134180;1286785;090590;0868760
100;096000;134200;1288320;090600;0869760
100;096100;134220;1289855;090610;0870760
100;096200;134240;1291390;090620;0871765
100;096300;134260;1292925;090630;0872765
100;096400;134280;1294460;090640;0873770
100;096500;134300;1295995;090650;0874775
100;096600;134320;1297530;090660;0875775
100;096700;134340;1299070;090670;0876780
100;096800;134360;1300605;090680;0877780
100;096900;134380;1302140;090690;0878785
100;097000;134400;1303680;090700;0879790
100;097100;134420;1305220;090710;0880795
100;097200;134440;1306755;090720;0881800
100;097300;134460;1308295;090730;0882805
100;097400;134480;1309835;090740;0883810
100;097500;134500;1311375;090750;0884815
100;097600;134520;1312915;090760;0885820
100;097700;134540;1314455;090770;0886825
100;097800;134560;1315995;090780;0887830
100;097900;134580;1317540;090790;0888835
100;098000;134600;1319080;090800;0889840
100;098100;134620;1320620;090810;0890845
100;098200;134640;1322165;090820;0891850
100;098300;134660;1323710;090830;0892860
100;098400;134680;1325250;090840;0893865
100;098500;134700;1326795;090850;0894875
100;098600;134720;1328340;090860;0895880
100;098700;134740;1329885;090870;0896885
100;098800;134760;1331430;090880;0897895
100;098900;134780;1332975;090890;0898900
100;099000;134800;1334520;090900;0899910
100;099100;134820;1336065;090910;0900920
100;099200;134840;1337615;090920;0901925
100;099300;134860;1339160;090930;0902935
100;099400;134880;1340705;090940;0903945
100;099500;134900;1342255;090950;0904955
100;099600;134920;1343805;090960;0905960
100;099700;134940;1345350;090970;0906970
100;099800;134960;1346900;090980;0907980
100;099900;134980;1348450;090990;0908990
100;100000;135000;1350000;091000;0910000
100;100100;135005;1351400;091010;0911010
100;100200;135010;1352800;091020;0912020
100;100300;135015;1354200;091030;0913030
100;100400;135020;1355600;091040;0914040
100;100500;135025;1357000;091050;0915055
100;100600;135030;1358400;091060;0916065
100;100700;135035;1359800;091070;0917075
100;100800;135040;1361205;091080;0918085
100;100900;135045;1362605;091090;0919100
100;101000;135050;1364005;091100;0920110
100;101100;135055;1365405;091110;0921120
100;101200;135060;1366805;091120;0922135
100;101300;135065;1368210;091130;0923145
100;101400;135070;1369610;091140;0924160
100;101500;135075;1371010;091150;0925175
100;101600;135080;1372415;091160;0926185
100;101700;135085;1373815;091170;0927200
100;101800;135090;1375215;091180;0928210
100;101900;135095;1376620;091190;0929225
100;102000;135100;1378020;091200;0930240
100;102100;135105;1379420;091210;0931255
100;102200;135110;1380825;091220;0932270
100;102300;135115;1382225;091230;0933285
100;102400;135120;1383630;091240;0934300
100;102500;135125;1385030;091250;0935315
100;102600;135130;1386435;091260;0936330
100;102700;135135;1387835;091270;0937345
100;102800;135140;1389240;091280;0938360
100;102900;135145;1390640;091290;0939375
100;103000;135150;1392045;091300;0940390
100;103100;135155;1393450;091310;0941405
100;103200;135160;1394850;091320;0942420
100;103300;135165;1396255;091330;0943440
100;103400;135170;1397660;091340;0944455
100;103500;135175;1399060;091350;0945475
100;103600;135180;1400465;091360;0946490
100;103700;135185;1401870;091370;0947505
100;103800;135190;1403270;091380;0948525
100;103900;135195;1404675;091390;0949540
100;104000;135200;1406080;091400;0950560
100;104100;135205;1407485;091410;0951580
100;104200;135210;1408890;091420;0952595
100;104300;135215;1410290;091430;0953615
100;104400;135220;1411695;091440;0954635
100;104500;135225;1413100;091450;0955655
100;104600;135230;1414505;091460;0956670
100;104700;135235;1415910;091470;0957690
100;104800;135240;1417315;091480;0958710
100;104900;135245;1418720;091490;0959730
100;105000;135250;1420125;091500;0960750
100;105100;135255;1421530;091510;0961770
100;105200;135260;1422935;091520;0962790
100;105300;135265;1424340;091530;0963810
100;105400;135270;1425745;091540;0964830
100;105500;135275;1427150;091550;0965855
100;105600;135280;1428555;091560;0966875
100;105700;135285;1429960;091570;0967895
100;105800;135290;1431370;091580;0968915
100;105900;135295;1432775;091590;0969940
100;106000;135300;1434180;091600;0970960
100;106100;135305;1435585;091610;0971980
100;106200;135310;1436990;091620;0973005
100;106300;135315;1438400;091630;0974025
100;106400;135320;1439805;091640;0975050
100;106500;135325;1441210;091650;0976075
100;106600;135330;1442620;091660;0977095
100;106700;135335;1444025;091670;0978120
100;106800;135340;1445430;091680;0979140
100;106900;135345;1446840;091690;0980165
100;107000;135350;1448245;091700;0981190
100;107100;135355;1449650;091710;0982215
100;107200;135360;1451060;091720;0983240
100;107300;135365;1452465;091730;0984265
100;107400;135370;1453875;091740;0985290
100;107500;135375;1455280;091750;0986315
100;107600;135380;1456690;091760;0987340
100;107700;135385;1458095;091770;0988365
100;107800;135390;1459505;091780;0989390
100;107900;135395;1460910;091790;0990415
100;108000;135400;1462320;091800;0991440
100;108100;135405;1463730;091810;0992465
100;108200;135410;1465135;091820;0993490
100;108300;135415;1466545;091830;0994520
100;108400;135420;1467955;091840;0995545
100;108500;135425;1469360;091850;0996575
100;108600;135430;1470770;091860;0997600
100;108700;135435;1472180;091870;0998625
100;108800;135440;1473585;091880;0999655
100;108900;135445;1474995;091890;1000680
100;109000;135450;1476405;091900;1001710
100;109100;135455;1477815;091910;1002740
100;109200;135460;1479225;091920;1003765
100;109300;135465;1480630;091930;1004795
100;109400;135470;1482040;091940;1005825
100;109500;135475;1483450;091950;1006855
100;109600;135480;1484860;091960;1007880
100;109700;135485;1486270;091970;1008910
100;109800;135490;1487680;091980;1009940
100;109900;135495;1489090;091990;1010970
100;110000;135500;1490500;092000;1012000
100;110100;135505;1491910;092010;1013030
100;110200;135510;1493320;092020;1014060
100;110300;135515;1494730;092030;1015090
100;110400;135520;1496140;092040;1016120
100;110500;135525;1497550;092050;1017155
100;110600;135530;1498960;092060;1018185
100;110700;135535;1500370;092070;1019215
100;110800;135540;1501785;092080;1020245
100;110900;135545;1503195;092090;1021280
100;111000;135550;1504605;092100;1022310
100;111100;135555;1506015;092110;1023340
100;111200;135560;1507425;092120;1024375
100;111300;135565;1508840;092130;1025405
100;111400;135570;1510250;092140;1026440
100;111500;135575;1511660;092150;1027475
100;111600;135580;1513075;092160;1028505
100;111700;135585;1514485;092170;1029540
100;111800;135590;1515895;092180;1030570
100;111900;135595;1517310;092190;1031605
100;112000;135600;1518720;092200;1032640
100;112100;135605;1520130;092210;1033675
100;112200;135610;1521545;092220;1034710
100;112300;135615;1522955;092230;1035745
100;112400;135620;1524370;092240;1036780
100;112500;135625;1525780;092250;1037815
100;112600;135630;1527195;092260;1038850
100;112700;135635;1528605;092270;1039885
100;112800;135640;1530020;092280;1040920
100;112900;135645;1531430;092290;1041955
100;113000;135650;1532845;092300;1042990
100;113100;135655;1534260;092310;1044025
100;113200;135660;1535670;092320;1045060
100;113300;135665;1537085;092330;1046100
100;113400;135670;1538500;092340;1047135
100;113500;135675;1539910;092350;1048175
100;113600;135680;1541325;092360;1049210
100;113700;135685;1542740;092370;1050245
100;113800;135690;1544150;092380;1051285
100;113900;135695;1545565;092390;1052320
100;114000;135700;1546980;092400;1053360
100;114100;135705;1548395;092410;1054400
100;114200;135710;1549810;092420;1055435
100;114300;135715;1551220;092430;1056475
100;114400;135720;1552635;092440;1057515
100;114500;135725;1554050;092450;1058555
100;114600;135730;1555465;092460;1059590
100;114700;135735;1556880;092470;1060630
100;114800;135740;1558295;092480;1061670
100;114900;135745;1559710;092490;1062710
100;115000;135750;1561125;092500;1063750
100;115100;135755;1562540;092510;1064790
100;115200;135760;1563955;092520;1065830
100;115300;135765;1565370;092530;1066870
100;115400;135770;1566785;092540;1067910
100;115500;135775;1568200;092550;1068955
100;115600;135780;1569615;092560;1069995
100;115700;135785;1571030;092570;1071035
100;115800;135790;1572450;092580;1072075
100;115900;135795;1573865;092590;1073120
100;116000;135800;1575280;092600;1074160
100;116100;135805;1576695;092610;1075200
100;116200;135810;1578110;092620;1076245
100;116300;135815;1579530;092630;1077285
100;116400;135820;1580945;092640;1078330
100;116500;135825;1582360;092650;1079375
100;116600;135830;1583780;092660;1080415
100;116700;135835;1585195;092670;1081460
100;116800;135840;1586610;092680;1082500
100;116900;135845;1588030;092690;1083545
100;117000;135850;1589445;092700;1084590
100;117100;135855;1590860;092710;1085635
100;117200;135860;1592280;092720;1086680
100;117300;135865;1593695;092730;1087725
100;117400;135870;1595115;092740;1088770
100;117500;135875;1596530;092750;1089815
100;117600;135880;1597950;092760;1090860
100;117700;135885;1599365;092770;1091905
100;117800;135890;1600785;092780;1092950
100;117900;135895;1602200;092790;1093995
100;118000;135900;1603620;092800;1095040
100;118100;135905;1605040;092810;1096085
100;118200;135910;1606455;092820;1097130
100;118300;135915;1607875;092830;1098180
100;118400;135920;1609295;092840;1099225
100;118500;135925;1610710;092850;1100275
100;118600;135930;1612130;092860;1101320
100;118700;135935;1613550;092870;1102365
100;118800;135940;1614965;092880;1103415
100;118900;135945;1616385;092890;1104460
100;119000;135950;1617805;092900;1105510
100;119100;135955;1619225;092910;1106560
100;119200;135960;1620645;092920;1107605
100;119300;135965;1622060;092930;1108655
100;119400;135970;1623480;092940;1109705
100;119500;135975;1624900;092950;1110755
100;119600;135980;1626320;092960;1111800
100;119700;135985;1627740;092970;1112850
100;119800;135990;1629160;092980;1113900
100;119900;135995;1630580;092990;1114950
100;120000;136000;1632000;093000;1116000
100;120100;136005;1633420;093010;1117050
100;120200;136010;1634840;093020;1118100
100;120300;136015;1636260;093030;1119150
100;120400;136020;1637680;093040;1120200
100;120500;136025;1639100;093050;1121255
100;120600;136030;1640520;093060;1122305
100;120700;136035;1641940;093070;1123355
100;120800;136040;1643365;093080;1124405
100;120900;136045;1644785;093090;1125460
100;121000;136050;1646205;093100;1126510
100;121100;136055;1647625;093110;1127560
100;121200;136060;1649045;093120;1128615
100;121300;136065;1650470;093130;1129665
100;121400;136070;1651890;093140;1130720
100;121500;136075;1653310;093150;1131775
100;121600;136080;1654735;093160;1132825
100;121700;136085;1656155;093170;1133880
100;121800;136090;1657575;093180;1134930
100;121900;136095;1659000;093190;1135985
100;122000;136100;1660420;093200;1137040
100;122100;136105;1661840;093210;1138095
100;122200;136110;1663265;093220;1139150
100;122300;136115;1664685;093230;1140205
100;122400;136120;1666110;093240;1141260
100;122500;136125;1667530;093250;1142315
100;122600;136130;1668955;093260;1143370
100;122700;136135;1670375;093270;1144425
100;122800;136140;1671800;093280;1145480
100;122900;136145;1673220;093290;1146535
100;123000;136150;1674645;093300;1147590
100;123100;136155;1676070;093310;1148645
100;123200;136160;1677490;093320;1149700
100;123300;136165;1678915;093330;1150760
100;123400;136170;1680340;093340;1151815
100;123500;136175;1681760;093350;1152875
100;123600;136180;1683185;093360;1153930
100;123700;136185;1684610;093370;1154985
100;123800;136190;1686030;093380;1156045
100;123900;136195;1687455;093390;1157100
100;124000;136200;1688880;093400;1158160
100;124100;136205;1690305;093410;1159220
100;124200;136210;1691730;093420;1160275
100;124300;136215;1693150;093430;1161335
100;124400;136220;1694575;093440;1162395
100;124500;136225;1696000;093450;1163455
100;124600;136230;1697425;093460;1164510
100;124700;136235;1698850;093470;1165570
100;124800;136240;1700275;093480;1166630
100;124900;136245;1701700;093490;1167690
100;125000;136250;1703125;093500;1168750
100;125100;136255;1704550;093510;1169810
100;125200;136260;1705975;093520;1170870
100;125300;136265;1707400;093530;1171930
100;125400;136270;1708825;093540;1172990
100;125500;136275;1710250;093550;1174055
100;125600;136280;1711675;093560;1175115
100;125700;136285;1713100;093570;1176175
100;125800;136290;1714530;093580;1177235
100;125900;136295;1715955;093590;1178300
100;126000;136300;1717380;093600;1179360
100;126100;136305;1718805;093610;1180420
100;126200;136310;1720230;093620;1181485
100;126300;136315;1721660;093630;1182545
100;126400;136320;1723085;093640;1183610
100;126500;136325;1724510;093650;1184675
100;126600;136330;1725940;093660;1185735
100;126700;136335;1727365;093670;1186800
100;126800;136340;1728790;093680;1187860
100;126900;136345;1730220;093690;1188925
100;127000;136350;1731645;093700;1189990
100;127100;136355;1733070;093710;1191055
100;127200;136360;1734500;093720;1192120
100;127300;136365;1735925;093730;1193185
100;127400;136370;1737355;093740;1194250
100;127500;136375;1738780;093750;1195315
100;127600;136380;1740210;093760;1196380
100;127700;136385;1741635;093770;1197445
100;127800;136390;1743065;093780;1198510
100;127900;136395;1744490;093790;1199575
100;128000;136400;1745920;093800;1200640
100;128100;136405;1747350;093810;1201705
100;128200;136410;1748775;093820;1202770
100;128300;136415;1750205;093830;1203840
100;128400;136420;1751635;093840;1204905
100;128500;136425;1753060;093850;1205975
100;128600;136430;1754490;093860;1207040
100;128700;136435;1755920;093870;1208105
100;128800;136440;1757345;093880;1209175
100;128900;136445;1758775;093890;1210240
100;129000;136450;1760205;093900;1211310
100;129100;136455;1761635;093910;1212380
100;129200;136460;1763065;093920;1213445
100;129300;136465;1764490;093930;1214515
100;129400;136470;1765920;093940;1215585
100;129500;136475;1767350;093950;1216655
100;129600;136480;1768780;093960;1217720
100;129700;136485;1770210;093970;1218790
100;129800;136490;1771640;093980;1219860
100;129900;136495;1773070;093990;1220930
100;130000;136500;1774500;094000;1222000
100;130100;136505;1775930;094010;1223070
100;130200;136510;1777360;094020;1224140
100;130300;136515;1778790;094030;1225210
100;130400;136520;1780220;094040;1226280
100;130500;136525;1781650;094050;1227355
100;130600;136530;1783080;094060;1228425
100;130700;136535;1784510;094070;1229495
100;130800;136540;1785945;094080;1230565
100;130900;136545;1787375;094090;1231640
100;131000;136550;1788805;094100;1232710
100;131100;136555;1790235;094110;1233780
100;131200;136560;1791665;094120;1234855
100;131300;136565;1793100;094130;1235925
100;131400;136570;1794530;094140;1237000
100;131500;136575;1795960;094150;1238075
100;131600;136580;1797395;094160;1239145
100;131700;136585;1798825;094170;1240220
100;131800;136590;1800255;094180;1241290
100;131900;136595;1801690;094190;1242365
100;132000;136600;1803120;094200;1243440
100;132100;136605;1804550;094210;1244515
100;132200;136610;1805985;094220;1245590
100;132300;136615;1807415;094230;1246665
100;132400;136620;1808850;094240;1247740
100;132500;136625;1810280;094250;1248815
100;132600;136630;1811715;094260;1249890
100;132700;136635;1813145;094270;1250965
100;132800;136640;1814580;094280;1252040
100;132900;136645;1816010;094290;1253115
100;133000;136650;1817445;094300;1254190
100;133100;136655;1818880;094310;1255265
100;133200;136660;1820310;094320;1256340
100;133300;136665;1821745;094330;1257420
100;133400;136670;1823180;094340;1258495
100;133500;136675;1824610;094350;1259575
100;133600;136680;1826045;094360;1260650
100;133700;136685;1827480;094370;1261725
100;133800;136690;1828910;094380;1262805
100;133900;136695;1830345;094390;1263880
100;134000;136700;1831780;094400;1264960
100;134100;136705;1833215;094410;1266040
100;134200;136710;1834650;094420;1267115
100;134300;136715;1836080;094430;1268195
100;134400;136720;1837515;094440;1269275
100;134500;136725;1838950;094450;1270355
100;134600;136730;1840385;094460;1271430
100;134700;136735;1841820;094470;1272510
100;134800;136740;1843255;094480;1273590
100;134900;136745;1844690;094490;1274670
100;135000;136750;1846125;094500;1275750
100;135100;136755;1847560;094510;1276830
100;135200;136760;1848995;094520;1277910
100;135300;136765;1850430;094530;1278990
100;135400;136770;1851865;094540;1280070
100;135500;136775;1853300;094550;1281155
100;135600;136780;1854735;094560;1282235
100;135700;136785;1856170;094570;1283315
100;135800;136790;1857610;094580;1284395
100;135900;136795;1859045;094590;1285480
100;136000;136800;1860480;094600;1286560
100;136100;136805;1861915;094610;1287640
100;136200;136810;1863350;094620;1288725
100;136300;136815;1864790;094630;1289805
100;136400;136820;1866225;094640;1290890
100;136500;136825;1867660;094650;1291975
100;136600;136830;1869100;094660;1293055
100;136700;136835;1870535;094670;1294140
100;136800;136840;1871970;094680;1295220
100;136900;136845;1873410;094690;1296305
100;137000;136850;1874845;094700;1297390
100;137100;136855;1876280;094710;1298475
100;137200;136860;1877720;094720;1299560
100;137300;136865;1879155;094730;1300645
100;137400;136870;1880595;094740;1301730
100;137500;136875;1882030;094750;1302815
100;137600;136880;1883470;094760;1303900
100;137700;136885;1884905;094770;1304985
100;137800;136890;1886345;094780;1306070
100;137900;136895;1887780;094790;1307155
100;138000;136900;1889220;094800;1308240
100;138100;136905;1890660;094810;1309325
100;138200;136910;1892095;094820;1310410
100;138300;136915;1893535;094830;1311500
100;138400;136920;1894975;094840;1312585
100;138500;136925;1896410;094850;1313675
100;138600;136930;1897850;094860;1314760
100;138700;136935;1899290;094870;1315845
100;138800;136940;1900725;094880;1316935
100;138900;136945;1902165;094890;1318020
100;139000;136950;1903605;094900;1319110
100;139100;136955;1905045;094910;1320200
100;139200;136960;1906485;094920;1321285
100;139300;136965;1907920;094930;1322375
100;139400;136970;1909360;094940;1323465
100;139500;136975;1910800;094950;1324555
100;139600;136980;1912240;094960;1325640
100;139700;136985;1913680;094970;1326730
100;139800;136990;1915120;094980;1327820
100;139900;136995;1916560;094990;1328910
100;140000;137000;1918000;095000;1330000
100;140100;137005;1919440;095010;1331090
100;140200;137010;1920880;095020;1332180
100;140300;137015;1922320;095030;1333270
100;140400;137020;1923760;095040;1334360
100;140500;137025;1925200;095050;1335455
100;140600;137030;1926640;095060;1336545
100;140700;137035;1928080;095070;1337635
100;140800;137040;1929525;095080;1338725
100;140900;137045;1930965;095090;1339820
100;141000;137050;1932405;095100;1340910
100;141100;137055;1933845;095110;1342000
100;141200;137060;1935285;095120;1343095
100;141300;137065;1936730;095130;1344185
100;141400;137070;1938170;095140;1345280
100;141500;137075;1939610;095150;1346375
100;141600;137080;1941055;095160;1347465
100;141700;137085;1942495;095170;1348560
100;141800;137090;1943935;095180;1349650
100;141900;137095;1945380;095190;1350745
100;142000;137100;1946820;095200;1351840
100;142100;137105;1948260;095210;1352935
100;142200;137110;1949705;095220;1354030
100;142300;137115;1951145;095230;1355125
100;142400;137120;1952590;095240;1356220
100;142500;137125;1954030;095250;1357315
100;142600;137130;1955475;095260;1358410
100;142700;137135;1956915;095270;1359505
100;142800;137140;1958360;095280;1360600
100;142900;137145;1959800;095290;1361695
100;143000;137150;1961245;095300;1362790
100;143100;137155;1962690;095310;1363885
100;143200;137160;1964130;095320;1364980
100;143300;137165;1965575;095330;1366080
100;143400;137170;1967020;095340;1367175
100;143500;137175;1968460;095350;1368275
100;143600;137180;1969905;095360;1369370
100;143700;137185;1971350;095370;1370465
100;143800;137190;1972790;095380;1371565
100;143900;137195;1974235;095390;1372660
100;144000;137200;1975680;095400;1373760
100;144100;137205;1977125;095410;1374860
100;144200;137210;1978570;095420;1375955
100;144300;137215;1980010;095430;1377055
100;144400;137220;1981455;095440;1378155
100;144500;137225;1982900;095450;1379255
100;144600;137230;1984345;095460;1380350
100;144700;137235;1985790;095470;1381450
100;144800;137240;1987235;095480;1382550
100;144900;137245;1988680;095490;1383650
100;145000;137250;1990125;095500;1384750
100;145100;137255;1991570;095510;1385850
100;145200;137260;1993015;095520;1386950
100;145300;137265;1994460;095530;1388050
100;145400;137270;1995905;095540;1389150
100;145500;137275;1997350;095550;1390255
100;145600;137280;1998795;095560;1391355
100;145700;137285;2000240;095570;1392455
100;145800;137290;2001690;095580;1393555
100;145900;137295;2003135;095590;1394660
100;146000;137300;2004580;095600;1395760
100;146100;137305;2006025;095610;1396860
100;146200;137310;2007470;095620;1397965
100;146300;137315;2008920;095630;1399065
100;146400;137320;2010365;095640;1400170
100;146500;137325;2011810;095650;1401275
100;146600;137330;2013260;095660;1402375
100;146700;137335;2014705;095670;1403480
100;146800;137340;2016150;095680;1404580
100;146900;137345;2017600;095690;1405685
100;147000;137350;2019045;095700;1406790
100;147100;137355;2020490;095710;1407895
100;147200;137360;2021940;095720;1409000
100;147300;137365;2023385;095730;1410105
100;147400;137370;2024835;095740;1411210
100;147500;137375;2026280;095750;1412315
100;147600;137380;2027730;095760;1413420
100;147700;137385;2029175;095770;1414525
100;147800;137390;2030625;095780;1415630
100;147900;137395;2032070;095790;1416735
100;148000;137400;2033520;095800;1417840
100;148100;137405;2034970;095810;1418945
100;148200;137410;2036415;095820;1420050
100;148300;137415;2037865;095830;1421160
100;148400;137420;2039315;095840;1422265
100;148500;137425;2040760;095850;1423375
100;148600;137430;2042210;095860;1424480
100;148700;137435;2043660;095870;1425585
100;148800;137440;2045105;095880;1426695
100;148900;137445;2046555;095890;1427800
100;149000;137450;2048005;095900;1428910
100;149100;137455;2049455;095910;1430020
100;149200;137460;2050905;095920;1431125
100;149300;137465;2052350;095930;1432235
100;149400;137470;2053800;095940;1433345
100;149500;137475;2055250;095950;1434455
100;149600;137480;2056700;095960;1435560
100;149700;137485;2058150;095970;1436670
100;149800;137490;2059600;095980;1437780
100;149900;137495;2061050;095990;1438890
100;150000;137500;2062500;096000;1440000
100;150100;137505;2063950;096010;1441110
100;150200;137510;2065400;096020;1442220
100;150300;137515;2066850;096030;1443330
100;150400;137520;2068300;096040;1444440
100;150500;137525;2069750;096050;1445555
100;150600;137530;2071200;096060;1446665
100;150700;137535;2072650;096070;1447775
100;150800;137540;2074105;096080;1448885
100;150900;137545;2075555;096090;1450000
100;151000;137550;2077005;096100;1451110
100;151100;137555;2078455;096110;1452220
100;151200;137560;2079905;096120;1453335
100;151300;137565;2081360;096130;1454445
100;151400;137570;2082810;096140;1455560
100;151500;137575;2084260;096150;1456675
100;151600;137580;2085715;096160;1457785
100;151700;137585;2087165;096170;1458900
100;151800;137590;2088615;096180;1460010
100;151900;137595;2090070;096190;1461125
100;152000;137600;2091520;096200;1462240
100;152100;137605;2092970;096210;1463355
100;152200;137610;2094425;096220;1464470
100;152300;137615;2095875;096230;1465585
100;152400;137620;2097330;096240;1466700
100;152500;137625;2098780;096250;1467815
100;152600;137630;2100235;096260;1468930
100;152700;137635;2101685;096270;1470045
100;152800;137640;2103140;096280;1471160
100;152900;137645;2104590;096290;1472275
100;153000;137650;2106045;096300;1473390
100;153100;137655;2107500;096310;1474505
100;153200;137660;2108950;096320;1475620
100;153300;137665;2110405;096330;1476740
100;153400;137670;2111860;096340;1477855
100;153500;137675;2113310;096350;1478975
100;153600;137680;2114765;096360;1480090
100;153700;137685;2116220;096370;1481205
100;153800;137690;2117670;096380;1482325
100;153900;137695;2119125;096390;1483440
100;154000;137700;2120580;096400;1484560
100;154100;137705;2122035;096410;1485680
100;154200;137710;2123490;096420;1486795
100;154300;137715;2124940;096430;1487915
100;154400;137720;2126395;096440;1489035
100;154500;137725;2127850;096450;1490155
100;154600;137730;2129305;096460;1491270
100;154700;137735;2130760;096470;1492390
100;154800;137740;2132215;096480;1493510
100;154900;137745;2133670;096490;1494630
100;155000;137750;2135125;096500;1495750
100;155100;137755;2136580;096510;1496870
100;155200;137760;2138035;096520;1497990
100;155300;137765;2139490;096530;1499110
100;155400;137770;2140945;096540;1500230
100;155500;137775;2142400;096550;1501355
100;155600;137780;2143855;096560;1502475
100;155700;137785;2145310;096570;1503595
100;155800;137790;2146770;096580;1504715
100;155900;137795;2148225;096590;1505840
100;156000;137800;2149680;096600;1506960
100;156100;137805;2151135;096610;1508080
100;156200;137810;2152590;096620;1509205
100;156300;137815;2154050;096630;1510325
100;156400;137820;2155505;096640;1511450
100;156500;137825;2156960;096650;1512575
100;156600;137830;2158420;096660;1513695
100;156700;137835;2159875;096670;1514820
100;156800;137840;2161330;096680;1515940
100;156900;137845;2162790;096690;1517065
100;157000;137850;2164245;096700;1518190
100;157100;137855;2165700;096710;1519315
100;157200;137860;2167160;096720;1520440
100;157300;137865;2168615;096730;1521565
100;157400;137870;2170075;096740;1522690
100;157500;137875;2171530;096750;1523815
100;157600;137880;2172990;096760;1524940
100;157700;137885;2174445;096770;1526065
100;157800;137890;2175905;096780;1527190
100;157900;137895;2177360;096790;1528315
100;158000;137900;2178820;096800;1529440
100;158100;137905;2180280;096810;1530565
100;158200;137910;2181735;096820;1531690
100;158300;137915;2183195;096830;1532820
100;158400;137920;2184655;096840;1533945
100;158500;137925;2186110;096850;1535075
100;158600;137930;2187570;096860;1536200
100;158700;137935;2189030;096870;1537325
100;158800;137940;2190485;096880;1538455
100;158900;137945;2191945;096890;1539580
100;159000;137950;2193405;096900;1540710
100;159100;137955;2194865;096910;1541840
100;159200;137960;2196325;096920;1542965
100;159300;137965;2197780;096930;1544095
100;159400;137970;2199240;096940;1545225
100;159500;137975;2200700;096950;1546355
100;159600;137980;2202160;096960;1547480
100;159700;137985;2203620;096970;1548610
100;159800;137990;2205080;096980;1549740
100;159900;137995;2206540;096990;1550870
100;160000;138000;2208000;097000;1552000
100;160100;138005;2209460;097010;1553130
100;160200;138010;2210920;097020;1554260
100;160300;138015;2212380;097030;1555390
100;160400;138020;2213840;097040;1556520
100;160500;138025;2215300;097050;1557655
100;160600;138030;2216760;097060;1558785
100;160700;138035;2218220;097070;1559915
100;160800;138040;2219685;097080;1561045
100;160900;138045;2221145;097090;1562180
100;161000;138050;2222605;097100;1563310
100;161100;138055;2224065;097110;1564440
100;161200;138060;2225525;097120;1565575
100;161300;138065;2226990;097130;1566705
100;161400;138070;2228450;097140;1567840
100;161500;138075;2229910;097150;1568975
100;161600;138080;2231375;097160;1570105
100;161700;138085;2232835;097170;1571240
100;161800;138090;2234295;097180;1572370
100;161900;138095;2235760;097190;1573505
100;162000;138100;2237220;097200;1574640
100;162100;138105;2238680;097210;1575775
100;162200;138110;2240145;097220;1576910
100;162300;138115;2241605;097230;1578045
100;162400;138120;2243070;097240;1579180
100;162500;138125;2244530;097250;1580315
100;162600;138130;2245995;097260;1581450
100;162700;138135;2247455;097270;1582585
100;162800;138140;2248920;097280;1583720
100;162900;138145;2250380;097290;1584855
100;163000;138150;2251845;097300;1585990
100;163100;138155;2253310;097310;1587125
100;163200;138160;2254770;097320;1588260
100;163300;138165;2256235;097330;1589400
100;163400;138170;2257700;097340;1590535
100;163500;138175;2259160;097350;1591675
100;163600;138180;2260625;097360;1592810
100;163700;138185;2262090;097370;1593945
100;163800;138190;2263550;097380;1595085
100;163900;138195;2265015;097390;1596220
100;164000;138200;2266480;097400;1597360
100;164100;138205;2267945;097410;1598500
100;164200;138210;2269410;097420;1599635
100;164300;138215;2270870;097430;1600775
100;164400;138220;2272335;097440;1601915
100;164500;138225;2273800;097450;1603055
100;164600;138230;2275265;097460;1604190
100;164700;138235;2276730;097470;1605330
100;164800;138240;2278195;097480;1606470
100;164900;138245;2279660;097490;1607610
100;165000;138250;2281125;097500;1608750
100;165100;138255;2282590;097510;1609890
100;165200;138260;2284055;097520;1611030
100;165300;138265;2285520;097530;1612170
100;165400;138270;2286985;097540;1613310
100;165500;138275;2288450;097550;1614455
100;165600;138280;2289915;097560;1615595
100;165700;138285;2291380;097570;1616735
100;165800;138290;2292850;097580;1617875
100;165900;138295;2294315;097590;1619020
100;166000;138300;2295780;097600;1620160
100;166100;138305;2297245;097610;1621300
100;166200;138310;2298710;097620;1622445
100;166300;138315;2300180;097630;1623585
100;166400;138320;2301645;097640;1624730
100;166500;138325;2303110;097650;1625875
100;166600;138330;2304580;097660;1627015
100;166700;138335;2306045;097670;1628160
100;166800;138340;2307510;097680;1629300
100;166900;138345;2308980;097690;1630445
100;167000;138350;2310445;097700;1631590
100;167100;138355;2311910;097710;1632735
100;167200;138360;2313380;097720;1633880
100;167300;138365;2314845;097730;1635025
100;167400;138370;2316315;097740;1636170
100;167500;138375;2317780;097750;1637315
100;167600;138380;2319250;097760;1638460
100;167700;138385;2320715;097770;1639605
100;167800;138390;2322185;097780;1640750
100;167900;138395;2323650;097790;1641895
100;168000;138400;2325120;097800;1643040
100;168100;138405;2326590;097810;1644185
100;168200;138410;2328055;097820;1645330
100;168300;138415;2329525;097830;1646480
100;168400;138420;2330995;097840;1647625
100;168500;138425;2332460;097850;1648775
100;168600;138430;2333930;097860;1649920
100;168700;138435;2335400;097870;1651065
100;168800;138440;2336865;097880;1652215
100;168900;138445;2338335;097890;1653360
100;169000;138450;2339805;097900;1654510
100;169100;138455;2341275;097910;1655660
100;169200;138460;2342745;097920;1656805
100;169300;138465;2344210;097930;1657955
100;169400;138470;2345680;097940;1659105
100;169500;138475;2347150;097950;1660255
100;169600;138480;2348620;097960;1661400
100;169700;138485;2350090;097970;1662550
100;169800;138490;2351560;097980;1663700
100;169900;138495;2353030;097990;1664850
100;170000;138500;2354500;098000;1666000
100;170100;138505;2355970;098010;1667150
100;170200;138510;2357440;098020;1668300
100;170300;138515;2358910;098030;1669450
100;170400;138520;2360380;098040;1670600
100;170500;138525;2361850;098050;1671755
100;170600;138530;2363320;098060;1672905
100;170700;138535;2364790;098070;1674055
100;170800;138540;2366265;098080;1675205
100;170900;138545;2367735;098090;1676360
100;171000;138550;2369205;098100;1677510
100;171100;138555;2370675;098110;1678660
100;171200;138560;2372145;098120;1679815
100;171300;138565;2373620;098130;1680965
100;171400;138570;2375090;098140;1682120
100;171500;138575;2376560;098150;1683275
100;171600;138580;2378035;098160;1684425
100;171700;138585;2379505;098170;1685580
100;171800;138590;2380975;098180;1686730
100;171900;138595;2382450;098190;1687885
100;172000;138600;2383920;098200;1689040
100;172100;138605;2385390;098210;1690195
100;172200;138610;2386865;098220;1691350
100;172300;138615;2388335;098230;1692505
100;172400;138620;2389810;098240;1693660
100;172500;138625;2391280;098250;1694815
100;172600;138630;2392755;098260;1695970
100;172700;138635;2394225;098270;1697125
100;172800;138640;2395700;098280;1698280
100;172900;138645;2397170;098290;1699435
100;173000;138650;2398645;098300;1700590
100;173100;138655;2400120;098310;1701745
100;173200;138660;2401590;098320;1702900
100;173300;138665;2403065;098330;1704060
100;173400;138670;2404540;098340;1705215
100;173500;138675;2406010;098350;1706375
100;173600;138680;2407485;098360;1707530
100;173700;138685;2408960;098370;1708685
100;173800;138690;2410430;098380;1709845
100;173900;138695;2411905;098390;1711000
100;174000;138700;2413380;098400;1712160
100;174100;138705;2414855;098410;1713320
100;174200;138710;2416330;098420;1714475
100;174300;138715;2417800;098430;1715635
100;174400;138720;2419275;098440;1716795
100;174500;138725;2420750;098450;1717955
100;174600;138730;2422225;098460;1719110
100;174700;138735;2423700;098470;1720270
100;174800;138740;2425175;098480;1721430
100;174900;138745;2426650;098490;1722590
100;175000;138750;2428125;098500;1723750
100;175100;138755;2429600;098510;1724910
100;175200;138760;2431075;098520;1726070
100;175300;138765;2432550;098530;1727230
100;175400;138770;2434025;098540;1728390
100;175500;138775;2435500;098550;1729555
100;175600;138780;2436975;098560;1730715
100;175700;138785;2438450;098570;1731875
100;175800;138790;2439930;098580;1733035
100;175900;138795;2441405;098590;1734200
100;176000;138800;2442880;098600;1735360
100;176100;138805;2444355;098610;1736520
100;176200;138810;2445830;098620;1737685
100;176300;138815;2447310;098630;1738845
100;176400;138820;2448785;098640;1740010
100;176500;138825;2450260;098650;1741175
100;176600;138830;2451740;098660;1742335
100;176700;138835;2453215;098670;1743500
100;176800;138840;2454690;098680;1744660
100;176900;138845;2456170;098690;1745825
100;177000;138850;2457645;098700;1746990
100;177100;138855;2459120;098710;1748155
100;177200;138860;2460600;098720;1749320
100;177300;138865;2462075;098730;1750485
100;177400;138870;2463555;098740;1751650
100;177500;138875;2465030;098750;1752815
100;177600;138880;2466510;098760;1753980
100;177700;138885;2467985;098770;1755145
100;177800;138890;2469465;098780;1756310
100;177900;138895;2470940;098790;1757475
100;178000;138900;2472420;098800;1758640
100;178100;138905;2473900;098810;1759805
100;178200;138910;2475375;098820;1760970
100;178300;138915;2476855;098830;1762140
100;178400;138920;2478335;098840;1763305
100;178500;138925;2479810;098850;1764475
100;178600;138930;2481290;098860;1765640
100;178700;138935;2482770;098870;1766805
100;178800;138940;2484245;098880;1767975
100;178900;138945;2485725;098890;1769140
100;179000;138950;2487205;098900;1770310
100;179100;138955;2488685;098910;1771480
100;179200;138960;2490165;098920;1772645
100;179300;138965;2491640;098930;1773815
100;179400;138970;2493120;098940;1774985
100;179500;138975;2494600;098950;1776155
100;179600;138980;2496080;098960;1777320
100;179700;138985;2497560;098970;1778490
100;179800;138990;2499040;098980;1779660
100;179900;138995;2500520;098990;1780830
100;180000;139000;2502000;099000;1782000
100;180100;139005;2503480;099005;1783080
100;180200;139010;2504960;099010;1784160
100;180300;139015;2506440;099015;1785240
100;180400;139020;2507920;099020;1786320
100;180500;139025;2509400;099025;1787400
100;180600;139030;2510880;099030;1788480
100;180700;139035;2512360;099035;1789560
100;180800;139040;2513845;099040;1790645
100;180900;139045;2515325;099045;1791725
100;181000;139050;2516805;099050;1792805
100;181100;139055;2518285;099055;1793885
100;181200;139060;2519765;099060;1794965
100;181300;139065;2521250;099065;1796050
100;181400;139070;2522730;099070;1797130
100;181500;139075;2524210;099075;1798210
100;181600;139080;2525695;099080;1799295
100;181700;139085;2527175;099085;1800375
100;181800;139090;2528655;099090;1801455
100;181900;139095;2530140;099095;1802540
100;182000;139100;2531620;099100;1803620
100;182100;139105;2533100;099105;1804700
100;182200;139110;2534585;099110;1805785
100;182300;139115;2536065;099115;1806865
100;182400;139120;2537550;099120;1807950
100;182500;139125;2539030;099125;1809030
100;182600;139130;2540515;099130;1810115
100;182700;139135;2541995;099135;1811195
100;182800;139140;2543480;099140;1812280
100;182900;139145;2544960;099145;1813360
100;183000;139150;2546445;099150;1814445
100;183100;139155;2547930;099155;1815530
100;183200;139160;2549410;099160;1816610
100;183300;139165;2550895;099165;1817695
100;183400;139170;2552380;099170;1818780
100;183500;139175;2553860;099175;1819860
100;183600;139180;2555345;099180;1820945
100;183700;139185;2556830;099185;1822030
100;183800;139190;2558310;099190;1823110
100;183900;139195;2559795;099195;1824195
100;184000;139200;2561280;099200;1825280
100;184100;139205;2562765;099205;1826365
100;184200;139210;2564250;099210;1827450
100;184300;139215;2565730;099215;1828530
100;184400;139220;2567215;099220;1829615
100;184500;139225;2568700;099225;1830700
100;184600;139230;2570185;099230;1831785
100;184700;139235;2571670;099235;1832870
100;184800;139240;2573155;099240;1833955
100;184900;139245;2574640;099245;1835040
100;185000;139250;2576125;099250;1836125
100;185100;139255;2577610;099255;1837210
100;185200;139260;2579095;099260;1838295
100;185300;139265;2580580;099265;1839380
100;185400;139270;2582065;099270;1840465
100;185500;139275;2583550;099275;1841550
100;185600;139280;2585035;099280;1842635
100;185700;139285;2586520;099285;1843720
100;185800;139290;2588010;099290;1844810
100;185900;139295;2589495;099295;1845895
100;186000;139300;2590980;099300;1846980
100;186100;139305;2592465;099305;1848065
100;186200;139310;2593950;099310;1849150
100;186300;139315;2595440;099315;1850240
100;186400;139320;2596925;099320;1851325
100;186500;139325;2598410;099325;1852410
100;186600;139330;2599900;099330;1853500
100;186700;139335;2601385;099335;1854585
100;186800;139340;2602870;099340;1855670
100;186900;139345;2604360;099345;1856760
100;187000;139350;2605845;099350;1857845
100;187100;139355;2607330;099355;1858930
100;187200;139360;2608820;099360;1860020
100;187300;139365;2610305;099365;1861105
100;187400;139370;2611795;099370;1862195
100;187500;139375;2613280;099375;1863280
100;187600;139380;2614770;099380;1864370
100;187700;139385;2616255;099385;1865455
100;187800;139390;2617745;099390;1866545
100;187900;139395;2619230;099395;1867630
100;188000;139400;2620720;099400;1868720
100;188100;139405;2622210;099405;1869810
100;188200;139410;2623695;099410;1870895
100;188300;139415;2625185;099415;1871985
100;188400;139420;2626675;099420;1873075
100;188500;139425;2628160;099425;1874160
100;188600;139430;2629650;099430;1875250
100;188700;139435;2631140;099435;1876340
100;188800;139440;2632625;099440;1877425
100;188900;139445;2634115;099445;1878515
100;189000;139450;2635605;099450;1879605
100;189100;139455;2637095;099455;1880695
100;189200;139460;2638585;099460;1881785
100;189300;139465;2640070;099465;1882870
100;189400;139470;2641560;099470;1883960
100;189500;139475;2643050;099475;1885050
100;189600;139480;2644540;099480;1886140
100;189700;139485;2646030;099485;1887230
100;189800;139490;2647520;099490;1888320
100;189900;139495;2649010;099495;1889410
100;190000;139500;2650500;099500;1890500
100;190100;139505;2651990;099505;1891590
100;190200;139510;2653480;099510;1892680
100;190300;139515;2654970;099515;1893770
100;190400;139520;2656460;099520;1894860
100;190500;139525;2657950;099525;1895950
100;190600;139530;2659440;099530;1897040
100;190700;139535;2660930;099535;1898130
100;190800;139540;2662425;099540;1899225
100;190900;139545;2663915;099545;1900315
100;191000;139550;2665405;099550;1901405
100;191100;139555;2666895;099555;1902495
100;191200;139560;2668385;099560;1903585
100;191300;139565;2669880;099565;1904680
100;191400;139570;2671370;099570;1905770
100;191500;139575;2672860;099575;1906860
100;191600;139580;2674355;099580;1907955
100;191700;139585;2675845;099585;1909045
100;191800;139590;2677335;099590;1910135
100;191900;139595;2678830;099595;1911230
100;192000;139600;2680320;099600;1912320
100;192100;139605;2681810;099605;1913410
100;192200;139610;2683305;099610;1914505
100;192300;139615;2684795;099615;1915595
100;192400;139620;2686290;099620;1916690
100;192500;139625;2687780;099625;1917780
100;192600;139630;2689275;099630;1918875
100;192700;139635;2690765;099635;1919965
100;192800;139640;2692260;099640;1921060
100;192900;139645;2693750;099645;1922150
100;193000;139650;2695245;099650;1923245
100;193100;139655;2696740;099655;1924340
100;193200;139660;2698230;099660;1925430
100;193300;139665;2699725;099665;1926525
100;193400;139670;2701220;099670;1927620
100;193500;139675;2702710;099675;1928710
100;193600;139680;2704205;099680;1929805
100;193700;139685;2705700;099685;1930900
100;193800;139690;2707190;099690;1931990
100;193900;139695;2708685;099695;1933085
100;194000;139700;2710180;099700;1934180
100;194100;139705;2711675;099705;1935275
100;194200;139710;2713170;099710;1936370
100;194300;139715;2714660;099715;1937460
100;194400;139720;2716155;099720;1938555
100;194500;139725;2717650;099725;1939650
100;194600;139730;2719145;099730;1940745
100;194700;139735;2720640;099735;1941840
100;194800;139740;2722135;099740;1942935
100;194900;139745;2723630;099745;1944030
100;195000;139750;2725125;099750;1945125
100;195100;139755;2726620;099755;1946220
100;195200;139760;2728115;099760;1947315
100;195300;139765;2729610;099765;1948410
100;195400;139770;2731105;099770;1949505
100;195500;139775;2732600;099775;1950600
100;195600;139780;2734095;099780;1951695
100;195700;139785;2735590;099785;1952790
100;195800;139790;2737090;099790;1953890
100;195900;139795;2738585;099795;1954985
100;196000;139800;2740080;099800;1956080
100;196100;139805;2741575;099805;1957175
100;196200;139810;2743070;099810;1958270
100;196300;139815;2744570;099815;1959370
100;196400;139820;2746065;099820;1960465
100;196500;139825;2747560;099825;1961560
100;196600;139830;2749060;099830;1962660
100;196700;139835;2750555;099835;1963755
100;196800;139840;2752050;099840;1964850
100;196900;139845;2753550;099845;1965950
100;197000;139850;2755045;099850;1967045
100;197100;139855;2756540;099855;1968140
100;197200;139860;2758040;099860;1969240
100;197300;139865;2759535;099865;1970335
100;197400;139870;2761035;099870;1971435
100;197500;139875;2762530;099875;1972530
100;197600;139880;2764030;099880;1973630
100;197700;139885;2765525;099885;1974725
100;197800;139890;2767025;099890;1975825
100;197900;139895;2768520;099895;1976920
100;198000;139900;2770020;099900;1978020
100;198100;139905;2771520;099905;1979120
100;198200;139910;2773015;099910;1980215
100;198300;139915;2774515;099915;1981315
100;198400;139920;2776015;099920;1982415
100;198500;139925;2777510;099925;1983510
100;198600;139930;2779010;099930;1984610
100;198700;139935;2780510;099935;1985710
100;198800;139940;2782005;099940;1986805
100;198900;139945;2783505;099945;1987905
100;199000;139950;2785005;099950;1989005
100;199100;139955;2786505;099955;1990105
100;199200;139960;2788005;099960;1991205
100;199300;139965;2789500;099965;1992300
100;199400;139970;2791000;099970;1993400
100;199500;139975;2792500;099975;1994500
100;199600;139980;2794000;099980;1995600
100;199700;139985;2795500;099985;1996700
100;199800;139990;2797000;099990;1997800
100;199900;139995;2798500;099995;1998900
100;200000;140000;2800000;100000;2000000
100;200100;140000;2801400;100000;2001000
