105;005200;020000;0010400;020000;0010400
105;005300;020075;0010640;020066;0010635
105;005400;020227;0010925;020199;0010905
105;005500;020381;0011210;020333;0011185
105;005600;020533;0011500;020466;0011460
105;005700;020685;0011790;020599;0011740
105;005800;020837;0012085;020732;0012025
105;005900;020990;0012385;020867;0012310
105;006000;021142;0012685;021000;0012600
105;006100;021294;0012990;021133;0012890
105;006200;021446;0013295;021266;0013185
105;006300;021600;0013610;021400;0013480
105;006400;021752;0013920;021533;0013780
105;006500;021904;0014240;021666;0014085
105;006600;022056;0014555;021799;0014385
105;006700;022208;0014880;021932;0014695
105;006800;022362;0015205;022066;0015005
105;006900;022514;0015535;022199;0015315
105;007000;022666;0015865;022332;0015630
105;007100;022818;0016200;022465;0015950
105;007200;022971;0016540;022600;0016270
105;007300;023123;0016880;022733;0016595
105;007400;023275;0017225;022866;0016920
105;007500;023427;0017570;022999;0017250
105;007600;023581;0017920;023133;0017580
105;007700;023733;0018275;023266;0017915
105;007800;023885;0018630;023399;0018250
105;007900;024037;0018990;023532;0018590
105;008000;024190;0019350;023667;0018935
105;008100;024342;0019715;023800;0019280
105;008200;024494;0020085;023933;0019625
105;008300;024646;0020455;024066;0019975
105;008400;024800;0020830;024200;0020330
105;008500;024952;0021210;024333;0020685
105;008600;025104;0021590;024466;0021040
105;008700;025256;0021975;024599;0021400
105;008800;025408;0022360;024732;0021765
105;008900;025562;0022750;024866;0022130
105;009000;025714;0023145;024999;0022500
105;009100;025866;0023540;025132;0022870
105;009200;026018;0023935;025265;0023245
105;009300;026171;0024340;025400;0023620
105;009400;026323;0024745;025533;0024000
105;009500;026475;0025150;025666;0024385
105;009600;026627;0025560;025799;0024765
105;009700;026781;0025980;025933;0025155
105;009800;026933;0026395;026066;0025545
105;009900;027085;0026815;026199;0025935
105;010000;027237;0027235;026332;0026330
105;010100;027390;0027665;026467;0026730
105;010200;027542;0028095;026600;0027130
105;010300;027694;0028525;026733;0027535
105;010400;027846;0028960;026866;0027940
105;010500;028000;0029400;027000;0028350
105;010600;028171;0029860;027171;0028800
105;010700;028342;0030325;027342;0029255
105;010800;028513;0030795;027513;0029715
105;010900;028684;0031265;027684;0030175
105;011000;028857;0031745;027857;0030645
105;011100;029028;0032220;028028;0031110
105;011200;029199;0032705;028199;0031585
105;011300;029370;0033190;028370;0032060
105;011400;029543;0033680;028543;0032540
105;011500;029714;0034170;028714;0033020
105;011600;029885;0034665;028885;0033505
105;011700;030056;0035165;029056;0033995
105;011800;030228;0035670;029228;0034490
105;011900;030399;0036175;029399;0034985
105;012000;030570;0036685;029570;0035485
105;012100;030741;0037195;029741;0035985
105;012200;030914;0037715;029914;0036495
105;012300;031085;0038235;030085;0037005
105;012400;031256;0038755;030256;0037515
105;012500;031427;0039285;030427;0038035
105;012600;031600;0039815;030600;0038555
105;012700;031771;0040350;030771;0039080
105;012800;031942;0040885;030942;0039605
105;012900;032113;0041425;031113;0040135
105;013000;032284;0041970;031284;0040670
105;013100;032457;0042520;031457;0041210
105;013200;032628;0043070;031628;0041750
105;013300;032799;0043625;031799;0042295
105;013400;032970;0044180;031970;0042840
105;013500;033143;0044745;032143;0043395
105;013600;033314;0045305;032314;0043945
105;013700;033485;0045875;032485;0044505
105;013800;033656;0046445;032656;0045065
105;013900;033828;0047020;032828;0045630
105;014000;033999;0047600;032999;0046200
105;014100;034170;0048180;033170;0046770
105;014200;034341;0048765;033341;0047345
105;014300;034514;0049355;033514;0047925
105;014400;034685;0049945;033685;0048505
105;014500;034856;0050540;033856;0049090
105;014600;035027;0051140;034027;0049680
105;014700;035200;0051745;034200;0050275
105;014800;035371;0052350;034371;0050870
105;014900;035542;0052960;034542;0051470
105;015000;035713;0053570;034713;0052070
105;015100;035884;0054185;034884;0052675
105;015200;036057;0054805;035057;0053285
105;015300;036228;0055430;035228;0053900
105;015400;036399;0056055;035399;0054515
105;015500;036570;0056685;035570;0055135
105;015600;036743;0057320;035743;0055760
105;015700;036914;0057955;035914;0056385
105;015800;037085;0058595;036075;0057000
105;015900;037256;0059235;036227;0057600
105;016000;037428;0059885;036381;0058210
105;016100;037599;0060535;036533;0058820
105;016200;037770;0061185;036685;0059430
105;016300;037941;0061845;036837;0060045
105;016400;038114;0062505;036990;0060665
105;016500;038285;0063170;037142;0061285
105;016600;038456;0063835;037294;0061910
105;016700;038627;0064505;037446;0062535
105;016800;038800;0065185;037600;0063170
105;016900;038971;0065860;037752;0063800
105;017000;039142;0066540;037904;0064435
105;017100;039313;0067225;038056;0065075
105;017200;039484;0067910;038208;0065720
105;017300;039657;0068605;038362;0066365
105;017400;039828;0069300;038514;0067015
105;017500;039999;0070000;038666;0067665
105;017600;040170;0070700;038818;0068320
105;017700;040343;0071405;038971;0068980
105;017800;040514;0072115;039123;0069640
105;017900;040685;0072825;039275;0070300
105;018000;040856;0073540;039427;0070970
105;018100;041028;0074260;039581;0071640
105;018200;041199;0074980;039733;0072315
105;018300;041370;0075705;039885;0072990
105;018400;041541;0076435;040037;0073670
105;018500;041714;0077170;040190;0074350
105;018600;041885;0077905;040342;0075035
105;018700;042056;0078645;040494;0075725
105;018800;042227;0079385;040646;0076415
105;018900;042400;0080135;040800;0077110
105;019000;042571;0080885;040952;0077810
105;019100;042742;0081635;041104;0078510
105;019200;042913;0082395;041256;0079210
105;019300;043084;0083150;041408;0079915
105;019400;043257;0083920;041562;0080630
105;019500;043428;0084685;041714;0081340
105;019600;043599;0085455;041866;0082055
105;019700;043770;0086225;042018;0082775
105;019800;043943;0087005;042171;0083500
105;019900;044114;0087785;042323;0084225
105;020000;044285;0088570;042475;0084950
105;020100;044456;0089355;042627;0085680
105;020200;044628;0090150;042781;0086420
105;020300;044799;0090940;042933;0087155
105;020400;044970;0091740;043085;0087895
105;020500;045141;0092540;043237;0088635
105;020600;045314;0093345;043390;0089385
105;020700;045485;0094155;043542;0090130
105;020800;045656;0094965;043694;0090885
105;020900;045827;0095780;043846;0091640
105;021000;046000;0096600;044000;0092400
105;021100;046162;0097400;044133;0093120
105;021200;046323;0098205;044266;0093845
105;021300;046485;0099015;044399;0094570
105;021400;046646;0099820;044532;0095300
105;021500;046809;0100640;044666;0096030
105;021600;046971;0101455;044799;0096765
105;021700;047132;0102275;044932;0097500
105;021800;047294;0103100;045065;0098240
105;021900;047457;0103930;045200;0098990
105;022000;047618;0104760;045333;0099735
105;022100;047780;0105595;045466;0100480
105;022200;047941;0106430;045599;0101230
105;022300;048105;0107275;045733;0101985
105;022400;048266;0108115;045866;0102740
105;022500;048428;0108965;045999;0103500
105;022600;048589;0109810;046132;0104260
105;022700;048752;0110665;046267;0105025
105;022800;048914;0111525;046400;0105790
105;022900;049075;0112380;046533;0106560
105;023000;049237;0113245;046666;0107330
105;023100;049400;0114115;046800;0108110
105;023200;049562;0114985;046933;0108885
105;023300;049723;0115855;047066;0109665
105;023400;049885;0116730;047199;0110445
105;023500;050046;0117610;047332;0111230
105;023600;050209;0118495;047466;0112020
105;023700;050371;0119380;047599;0112810
105;023800;050532;0120265;047732;0113600
105;023900;050694;0121160;047865;0114395
105;024000;050857;0122055;048000;0115200
105;024100;051018;0122955;048133;0116000
105;024200;051180;0123855;048266;0116805
105;024300;051341;0124760;048399;0117610
105;024400;051505;0125670;048533;0118420
105;024500;051666;0126580;048666;0119230
105;024600;051828;0127495;048799;0120045
105;024700;051989;0128415;048932;0120860
105;024800;052152;0129335;049067;0121685
105;024900;052314;0130260;049200;0122510
105;025000;052475;0131190;049333;0123335
105;025100;052637;0132120;049466;0124160
105;025200;052800;0133055;049600;0124990
105;025300;052962;0133995;049733;0125825
105;025400;053123;0134930;049866;0126660
105;025500;053285;0135875;049999;0127495
105;025600;053446;0136820;050132;0128340
105;025700;053609;0137775;050266;0129185
105;025800;053771;0138730;050399;0130030
105;025900;053932;0139685;050532;0130880
105;026000;054094;0140645;050665;0131730
105;026100;054257;0141610;050800;0132590
105;026200;054418;0142575;050933;0133445
105;026300;054580;0143545;051066;0134305
105;026400;054741;0144515;051199;0135165
105;026500;054905;0145500;051333;0136030
105;026600;055066;0146475;051466;0136900
105;026700;055228;0147460;051599;0137770
105;026800;055389;0148445;051732;0138640
105;026900;055552;0149435;051867;0139520
105;027000;055714;0150430;052000;0140400
105;027100;055875;0151420;052133;0141280
105;027200;056037;0152420;052266;0142165
105;027300;056200;0153425;052400;0143050
105;027400;056362;0154430;052533;0143940
105;027500;056523;0155440;052666;0144830
105;027600;056685;0156450;052799;0145725
105;027700;056846;0157465;052932;0146620
105;027800;057009;0158485;053066;0147525
105;027900;057171;0159505;053199;0148425
105;028000;057332;0160530;053332;0149330
105;028100;057494;0161560;053465;0150235
105;028200;057657;0162595;053600;0151150
105;028300;057818;0163625;053733;0152065
105;028400;057980;0164665;053866;0152980
105;028500;058141;0165700;053999;0153895
105;028600;058305;0166750;054133;0154820
105;028700;058466;0167795;054266;0155745
105;028800;058628;0168850;054399;0156670
105;028900;058789;0169900;054532;0157595
105;029000;058952;0170960;054667;0158535
105;029100;059114;0172020;054800;0159470
105;029200;059275;0173085;054933;0160405
105;029300;059437;0174150;055066;0161345
105;029400;059600;0175225;055200;0162290
105;029500;059762;0176300;055333;0163230
105;029600;059923;0177370;055466;0164180
105;029700;060085;0178450;055599;0165130
105;029800;060246;0179535;055732;0166080
105;029900;060409;0180625;055866;0167040
105;030000;060571;0181715;055999;0167995
105;030100;060732;0182805;056132;0168955
105;030200;060894;0183900;056265;0169920
105;030300;061057;0185005;056400;0170890
105;030400;061218;0186105;056533;0171860
105;030500;061380;0187210;056666;0172830
105;030600;061541;0188315;056799;0173805
105;030700;061705;0189435;056933;0174785
105;030800;061866;0190545;057066;0175765
105;030900;062028;0191665;057199;0176745
105;031000;062189;0192785;057332;0177730
105;031100;062352;0193915;057467;0178720
105;031200;062514;0195045;057600;0179710
105;031300;062675;0196175;057733;0180705
105;031400;062837;0197310;057866;0181700
105;031500;063000;0198450;058000;0182700
105;031600;063133;0199500;058095;0183580
105;031700;063266;0200555;058190;0184460
105;031800;063399;0201610;058285;0185345
105;031900;063532;0202665;058380;0186230
105;032000;063666;0203730;058476;0187125
105;032100;063799;0204795;058571;0188015
105;032200;063932;0205860;058666;0188905
105;032300;064065;0206930;058761;0189800
105;032400;064200;0208010;058857;0190695
105;032500;064333;0209080;058952;0191595
105;032600;064466;0210160;059047;0192495
105;032700;064599;0211240;059142;0193395
105;032800;064733;0212325;059238;0194300
105;032900;064866;0213410;059333;0195205
105;033000;064999;0214495;059428;0196110
105;033100;065132;0215585;059523;0197020
105;033200;065267;0216685;059619;0197935
105;033300;065400;0217780;059714;0198850
105;033400;065533;0218880;059809;0199760
105;033500;065666;0219980;059904;0200680
105;033600;065800;0221090;060000;0201600
105;033700;065933;0222195;060095;0202520
105;033800;066066;0223305;060190;0203440
105;033900;066199;0224415;060285;0204365
105;034000;066332;0225530;060380;0205290
105;034100;066466;0226650;060476;0206225
105;034200;066599;0227770;060571;0207155
105;034300;066732;0228890;060666;0208085
105;034400;066865;0230015;060761;0209020
105;034500;067000;0231150;060857;0209955
105;034600;067133;0232280;060952;0210895
105;034700;067266;0233415;061047;0211835
105;034800;067399;0234550;061142;0212775
105;034900;067533;0235690;061238;0213720
105;035000;067666;0236830;061333;0214665
105;035100;067799;0237975;061428;0215610
105;035200;067932;0239120;061523;0216560
105;035300;068067;0240275;061619;0217515
105;035400;068200;0241430;061714;0218470
105;035500;068333;0242580;061809;0219420
105;035600;068466;0243740;061904;0220380
105;035700;068600;0244900;062000;0221340
105;035800;068733;0246065;062095;0222300
105;035900;068866;0247230;062190;0223260
105;036000;068999;0248395;062285;0224225
105;036100;069132;0249565;062380;0225190
105;036200;069266;0250745;062476;0226165
105;036300;069399;0251920;062571;0227135
105;036400;069532;0253095;062666;0228105
105;036500;069665;0254275;062761;0229080
105;036600;069800;0255470;062857;0230055
105;036700;069933;0256655;062952;0231035
105;036800;070066;0257845;063047;0232015
105;036900;070199;0259035;063142;0232995
105;037000;070333;0260230;063238;0233980
105;037100;070466;0261430;063333;0234965
105;037200;070599;0262630;063428;0235950
105;037300;070732;0263830;063523;0236940
105;037400;070867;0265045;063619;0237935
105;037500;071000;0266250;063714;0238930
105;037600;071133;0267460;063809;0239920
105;037700;071266;0268675;063904;0240920
105;037800;071400;0269890;064000;0241920
105;037900;071533;0271110;064095;0242920
105;038000;071666;0272330;064190;0243920
105;038100;071799;0273555;064285;0244925
105;038200;071932;0274780;064380;0245930
105;038300;072066;0276015;064476;0246945
105;038400;072199;0277245;064571;0247955
105;038500;072332;0278480;064666;0248965
105;038600;072465;0279715;064761;0249975
105;038700;072600;0280960;064857;0250995
105;038800;072733;0282205;064952;0252015
105;038900;072866;0283450;065047;0253035
105;039000;072999;0284695;065142;0254055
105;039100;073133;0285950;065238;0255080
105;039200;073266;0287205;065333;0256105
105;039300;073399;0288460;065428;0257130
105;039400;073532;0289715;065523;0258160
105;039500;073667;0290985;065619;0259195
105;039600;073800;0292250;065714;0260225
105;039700;073933;0293515;065809;0261260
105;039800;074066;0294785;065904;0262300
105;039900;074200;0296060;066000;0263340
105;040000;074333;0297330;066095;0264380
105;040100;074466;0298610;066190;0265420
105;040200;074599;0299890;066285;0266465
105;040300;074732;0301170;066380;0267510
105;040400;074866;0302460;066476;0268565
105;040500;074999;0303745;066571;0269615
105;040600;075132;0305035;066666;0270665
105;040700;075265;0306330;066761;0271715
105;040800;075400;0307630;066857;0272775
105;040900;075533;0308930;066952;0273835
105;041000;075666;0310230;067047;0274895
105;041100;075799;0311535;067142;0275955
105;041200;075933;0312845;067238;0277020
105;041300;076066;0314155;067333;0278085
105;041400;076199;0315465;067428;0279150
105;041500;076332;0316780;067523;0280220
105;041600;076467;0318105;067619;0281295
105;041700;076600;0319420;067714;0282365
105;041800;076733;0320745;067809;0283440
105;041900;076866;0322070;067904;0284520
105;042000;077000;0323400;068000;0285600
105;042100;077124;0324690;068067;0286560
105;042200;077247;0325980;068133;0287520
105;042300;077371;0327280;068200;0288485
105;042400;077494;0328575;068266;0289450
105;042500;077619;0329880;068333;0290415
105;042600;077742;0331180;068400;0291385
105;042700;077866;0332490;068466;0292350
105;042800;077989;0333795;068533;0293320
105;042900;078114;0335110;068600;0294295
105;043000;078238;0336425;068666;0295265
105;043100;078361;0337735;068733;0296240
105;043200;078485;0339055;068799;0297210
105;043300;078609;0340375;068867;0298195
105;043400;078733;0341700;068933;0299170
105;043500;078856;0343025;069000;0300150
105;043600;078980;0344355;069066;0301130
105;043700;079105;0345690;069133;0302110
105;043800;079228;0347020;069200;0303095
105;043900;079352;0348355;069266;0304080
105;044000;079475;0349690;069333;0305065
105;044100;079600;0351035;069400;0306055
105;044200;079724;0352380;069467;0307045
105;044300;079847;0353720;069533;0308030
105;044400;079971;0355070;069600;0309025
105;044500;080094;0356420;069666;0310015
105;044600;080219;0357775;069733;0311010
105;044700;080342;0359130;069800;0312005
105;044800;080466;0360490;069866;0313000
105;044900;080589;0361845;069933;0314000
105;045000;080714;0363215;070000;0315000
105;045100;080838;0364580;070066;0316000
105;045200;080961;0365945;070133;0317000
105;045300;081085;0367315;070199;0318000
105;045400;081209;0368690;070267;0319010
105;045500;081333;0370065;070333;0320015
105;045600;081456;0371440;070400;0321025
105;045700;081580;0372820;070466;0322030
105;045800;081705;0374210;070533;0323040
105;045900;081828;0375590;070600;0324055
105;046000;081952;0376980;070666;0325065
105;046100;082075;0378365;070733;0326080
105;046200;082200;0379765;070800;0327095
105;046300;082324;0381160;070867;0328115
105;046400;082447;0382555;070933;0329130
105;046500;082571;0383955;071000;0330150
105;046600;082694;0385355;071066;0331170
105;046700;082819;0386765;071133;0332190
105;046800;082942;0388170;071200;0333215
105;046900;083066;0389580;071266;0334240
105;047000;083189;0390990;071333;0335265
105;047100;083314;0392410;071400;0336295
105;047200;083438;0393825;071466;0337320
105;047300;083561;0395245;071533;0338350
105;047400;083685;0396665;071599;0339380
105;047500;083809;0398095;071667;0340420
105;047600;083933;0399520;071733;0341450
105;047700;084056;0400945;071800;0342485
105;047800;084180;0402380;071866;0343520
105;047900;084305;0403820;071933;0344560
105;048000;084428;0405255;072000;0345600
105;048100;084552;0406695;072066;0346635
105;048200;084675;0408135;072133;0347680
105;048300;084800;0409585;072200;0348725
105;048400;084924;0411030;072267;0349770
105;048500;085047;0412480;072333;0350815
105;048600;085171;0413930;072400;0351865
105;048700;085294;0415380;072466;0352910
105;048800;085419;0416845;072533;0353960
105;048900;085542;0418300;072600;0355015
105;049000;085666;0419765;072666;0356065
105;049100;085789;0421225;072733;0357120
105;049200;085914;0422695;072800;0358175
105;049300;086038;0424165;072866;0359230
105;049400;086161;0425635;072933;0360290
105;049500;086285;0427110;072999;0361345
105;049600;086409;0428590;073067;0362410
105;049700;086533;0430070;073133;0363470
105;049800;086656;0431545;073200;0364535
105;049900;086780;0433030;073266;0365595
105;050000;086905;0434525;073333;0366665
105;050100;087028;0436010;073400;0367735
105;050200;087152;0437505;073466;0368800
105;050300;087275;0438995;073533;0369870
105;050400;087400;0440495;073600;0370945
105;050500;087524;0441995;073667;0372020
105;050600;087647;0443495;073733;0373090
105;050700;087771;0445000;073800;0374165
105;050800;087894;0446500;073866;0375240
105;050900;088019;0448015;073933;0376320
105;051000;088142;0449525;074000;0377400
105;051100;088266;0451040;074066;0378475
105;051200;088389;0452550;074133;0379560
105;051300;088514;0454075;074200;0380645
105;051400;088638;0455600;074266;0381725
105;051500;088761;0457120;074333;0382815
105;051600;088885;0458645;074399;0383900
105;051700;089009;0460175;074467;0384995
105;051800;089133;0461710;074533;0386080
105;051900;089256;0463240;074600;0387175
105;052000;089380;0464775;074666;0388265
105;052100;089505;0466320;074733;0389360
105;052200;089628;0467860;074800;0390455
105;052300;089752;0469405;074866;0391550
105;052400;089875;0470945;074933;0392650
105;052500;090000;0472500;075000;0393750
105;052600;090143;0474150;075048;0394750
105;052700;090285;0475800;075095;0395750
105;052800;090428;0477460;075143;0396755
105;052900;090570;0479115;075190;0397755
105;053000;090714;0480785;075238;0398760
105;053100;090857;0482450;075286;0399770
105;053200;090999;0484115;075333;0400770
105;053300;091142;0485785;075381;0401780
105;053400;091286;0487465;075429;0402790
105;053500;091428;0489140;075476;0403795
105;053600;091571;0490820;075524;0404810
105;053700;091713;0492500;075571;0405815
105;053800;091857;0494190;075619;0406830
105;053900;092000;0495880;075667;0407845
105;054000;092142;0497565;075714;0408855
105;054100;092285;0499260;075762;0409870
105;054200;092429;0500965;075810;0410890
105;054300;092571;0502660;075857;0411905
105;054400;092714;0504365;075905;0412925
105;054500;092856;0506065;075952;0413940
105;054600;093000;0507780;076000;0414960
105;054700;093143;0509490;076048;0415985
105;054800;093285;0511200;076095;0417000
105;054900;093428;0512920;076143;0418025
105;055000;093570;0514635;076190;0419045
105;055100;093714;0516365;076238;0420070
105;055200;093857;0518090;076286;0421100
105;055300;093999;0519815;076333;0422120
105;055400;094142;0521545;076381;0423150
105;055500;094286;0523285;076429;0424180
105;055600;094428;0525020;076476;0425205
105;055700;094571;0526760;076524;0426240
105;055800;094713;0528500;076571;0427265
105;055900;094857;0530250;076619;0428300
105;056000;095000;0532000;076667;0429335
105;056100;095142;0533745;076714;0430365
105;056200;095285;0535500;076762;0431400
105;056300;095429;0537265;076810;0432440
105;056400;095571;0539020;076857;0433475
105;056500;095714;0540785;076905;0434515
105;056600;095856;0542545;076952;0435550
105;056700;096000;0544320;077000;0436590
105;056800;096143;0546090;077048;0437635
105;056900;096285;0547860;077095;0438670
105;057000;096428;0549640;077143;0439715
105;057100;096570;0551415;077190;0440755
105;057200;096714;0553205;077238;0441800
105;057300;096857;0554990;077286;0442850
105;057400;096999;0556775;077333;0443890
105;057500;097142;0558565;077381;0444940
105;057600;097286;0560365;077429;0445990
105;057700;097428;0562160;077476;0447035
105;057800;097571;0563960;077524;0448090
105;057900;097713;0565760;077571;0449135
105;058000;097857;0567570;077619;0450190
105;058100;098000;0569380;077667;0451245
105;058200;098142;0571185;077714;0452295
105;058300;098285;0573000;077762;0453350
105;058400;098429;0574825;077810;0454410
105;058500;098571;0576640;077857;0455465
105;058600;098714;0578465;077905;0456525
105;058700;098856;0580285;077952;0457580
105;058800;099000;0582120;078000;0458640
105;058900;099143;0583950;078048;0459705
105;059000;099285;0585780;078095;0460760
105;059100;099428;0587620;078143;0461825
105;059200;099570;0589455;078190;0462885
105;059300;099714;0591305;078238;0463950
105;059400;099857;0593150;078286;0465020
105;059500;099999;0594995;078333;0466080
105;059600;100142;0596845;078381;0467150
105;059700;100286;0598705;078429;0468220
105;059800;100428;0600560;078476;0469285
105;059900;100571;0602420;078524;0470360
105;060000;100713;0604280;078571;0471425
105;060100;100857;0606150;078619;0472500
105;060200;101000;0608020;078667;0473575
105;060300;101142;0609885;078714;0474645
105;060400;101285;0611760;078762;0475720
105;060500;101429;0613645;078810;0476800
105;060600;101571;0615520;078857;0477875
105;060700;101714;0617405;078905;0478955
105;060800;101856;0619285;078952;0480030
105;060900;102000;0621180;079000;0481110
105;061000;102143;0623070;079048;0482195
105;061100;102285;0624960;079095;0483270
105;061200;102428;0626860;079143;0484355
105;061300;102570;0628755;079190;0485435
105;061400;102714;0630665;079238;0486520
105;061500;102857;0632570;079286;0487610
105;061600;102999;0634475;079333;0488690
105;061700;103142;0636385;079381;0489780
105;061800;103286;0638305;079429;0490870
105;061900;103428;0640220;079476;0491955
105;062000;103571;0642140;079524;0493050
105;062100;103713;0644060;079571;0494135
105;062200;103857;0645990;079619;0495230
105;062300;104000;0647920;079667;0496325
105;062400;104142;0649845;079714;0497415
105;062500;104285;0651780;079762;0498515
105;062600;104429;0653725;079810;0499610
105;062700;104571;0655660;079857;0500705
105;062800;104714;0657605;079905;0501805
105;062900;104856;0659545;079952;0502900
105;063000;105000;0661500;080000;0504000
105;063100;105124;0663330;080038;0505040
105;063200;105247;0665160;080076;0506080
105;063300;105371;0667000;080114;0507120
105;063400;105494;0668830;080152;0508165
105;063500;105619;0670680;080190;0509205
105;063600;105742;0672520;080228;0510250
105;063700;105866;0674365;080266;0511295
105;063800;105989;0676210;080304;0512340
105;063900;106114;0678070;080343;0513390
105;064000;106238;0679925;080381;0514440
105;064100;106361;0681775;080419;0515485
105;064200;106485;0683635;080457;0516535
105;064300;106609;0685495;080495;0517585
105;064400;106733;0687360;080533;0518635
105;064500;106856;0689220;080571;0519685
105;064600;106980;0691090;080609;0520735
105;064700;107105;0692970;080648;0521795
105;064800;107228;0694835;080686;0522845
105;064900;107352;0696715;080724;0523900
105;065000;107475;0698590;080762;0524955
105;065100;107600;0700475;080800;0526010
105;065200;107724;0702360;080838;0527065
105;065300;107847;0704240;080876;0528120
105;065400;107971;0706130;080914;0529180
105;065500;108094;0708015;080952;0530235
105;065600;108219;0709915;080990;0531295
105;065700;108342;0711805;081028;0532355
105;065800;108466;0713705;081066;0533415
105;065900;108589;0715600;081104;0534475
105;066000;108714;0717510;081143;0535545
105;066100;108838;0719420;081181;0536605
105;066200;108961;0721320;081219;0537670
105;066300;109085;0723235;081257;0538735
105;066400;109209;0725150;081295;0539800
105;066500;109333;0727065;081333;0540865
105;066600;109456;0728975;081371;0541930
105;066700;109580;0730900;081409;0543000
105;066800;109705;0732830;081448;0544075
105;066900;109828;0734750;081486;0545140
105;067000;109952;0736680;081524;0546210
105;067100;110075;0738605;081562;0547280
105;067200;110200;0740545;081600;0548350
105;067300;110324;0742480;081638;0549425
105;067400;110447;0744415;081676;0550495
105;067500;110571;0746355;081714;0551570
105;067600;110694;0748290;081752;0552645
105;067700;110819;0750245;081790;0553720
105;067800;110942;0752185;081828;0554795
105;067900;111066;0754140;081866;0555870
105;068000;111189;0756085;081904;0556945
105;068100;111314;0758050;081943;0558030
105;068200;111438;0760005;081981;0559110
105;068300;111561;0761960;082019;0560190
105;068400;111685;0763925;082057;0561270
105;068500;111809;0765890;082095;0562350
105;068600;111933;0767860;082133;0563430
105;068700;112056;0769825;082171;0564515
105;068800;112180;0771800;082209;0565600
105;068900;112305;0773780;082248;0566690
105;069000;112428;0775755;082286;0567775
105;069100;112552;0777735;082324;0568860
105;069200;112675;0779710;082362;0569945
105;069300;112800;0781705;082400;0571030
105;069400;112924;0783695;082438;0572120
105;069500;113047;0785675;082476;0573210
105;069600;113171;0787670;082514;0574295
105;069700;113294;0789660;082552;0575385
105;069800;113419;0791665;082590;0576480
105;069900;113542;0793660;082628;0577570
105;070000;113666;0795660;082666;0578660
105;070100;113789;0797660;082704;0579755
105;070200;113914;0799675;082743;0580855
105;070300;114038;0801685;082781;0581950
105;070400;114161;0803695;082819;0583045
105;070500;114285;0805710;082857;0584140
105;070600;114409;0807730;082895;0585240
105;070700;114533;0809750;082933;0586335
105;070800;114656;0811765;082971;0587435
105;070900;114780;0813790;083009;0588535
105;071000;114905;0815825;083048;0589640
105;071100;115028;0817850;083086;0590740
105;071200;115152;0819880;083124;0591845
105;071300;115275;0821910;083162;0592945
105;071400;115400;0823955;083200;0594050
105;071500;115524;0825995;083238;0595150
105;071600;115647;0828035;083276;0596255
105;071700;115771;0830080;083314;0597360
105;071800;115894;0832120;083352;0598465
105;071900;116019;0834175;083390;0599575
105;072000;116142;0836220;083428;0600680
105;072100;116266;0838280;083466;0601790
105;072200;116389;0840330;083504;0602900
105;072300;116514;0842395;083543;0604015
105;072400;116638;0844460;083581;0605125
105;072500;116761;0846515;083619;0606240
105;072600;116885;0848585;083657;0607350
105;072700;117009;0850655;083695;0608465
105;072800;117133;0852730;083733;0609575
105;072900;117256;0854795;083771;0610690
105;073000;117380;0856875;083809;0611805
105;073100;117505;0858960;083848;0612930
105;073200;117628;0861035;083886;0614045
105;073300;117752;0863120;083924;0615165
105;073400;117875;0865205;083962;0616280
105;073500;118000;0867300;084000;0617400
105;073600;118114;0869320;084038;0618520
105;073700;118228;0871340;084076;0619640
105;073800;118342;0873365;084114;0620760
105;073900;118456;0875390;084152;0621885
105;074000;118571;0877425;084190;0623005
105;074100;118685;0879455;084228;0624130
105;074200;118799;0881490;084266;0625255
105;074300;118913;0883525;084304;0626380
105;074400;119028;0885570;084343;0627510
105;074500;119142;0887610;084381;0628640
105;074600;119256;0889650;084419;0629765
105;074700;119370;0891695;084457;0630895
105;074800;119486;0893755;084495;0632025
105;074900;119600;0895805;084533;0633150
105;075000;119714;0897855;084571;0634285
105;075100;119828;0899910;084609;0635415
105;075200;119943;0901970;084648;0636555
105;075300;120057;0904030;084686;0637685
105;075400;120171;0906090;084724;0638820
105;075500;120285;0908150;084762;0639955
105;075600;120400;0910225;084800;0641090
105;075700;120514;0912290;084838;0642225
105;075800;120628;0914360;084876;0643360
105;075900;120742;0916430;084914;0644495
105;076000;120856;0918505;084952;0645635
105;076100;120971;0920590;084990;0646775
105;076200;121085;0922670;085028;0647915
105;076300;121199;0924750;085066;0649055
105;076400;121313;0926830;085104;0650195
105;076500;121428;0928925;085143;0651345
105;076600;121542;0931010;085181;0652485
105;076700;121656;0933100;085219;0653630
105;076800;121770;0935195;085257;0654775
105;076900;121886;0937305;085295;0655920
105;077000;122000;0939400;085333;0657065
105;077100;122114;0941500;085371;0658210
105;077200;122228;0943600;085409;0659355
105;077300;122343;0945710;085448;0660515
105;077400;122457;0947815;085486;0661660
105;077500;122571;0949925;085524;0662810
105;077600;122685;0952035;085562;0663960
105;077700;122800;0954155;085600;0665110
105;077800;122914;0956270;085638;0666265
105;077900;123028;0958390;085676;0667415
105;078000;123142;0960510;085714;0668570
105;078100;123256;0962630;085752;0669725
105;078200;123371;0964760;085790;0670880
105;078300;123485;0966890;085828;0672035
105;078400;123599;0969015;085866;0673190
105;078500;123713;0971145;085904;0674345
105;078600;123828;0973290;085943;0675510
105;078700;123942;0975425;085981;0676670
105;078800;124056;0977560;086019;0677830
105;078900;124170;0979700;086057;0678990
105;079000;124286;0981860;086095;0680150
105;079100;124400;0984005;086133;0681310
105;079200;124514;0986150;086171;0682475
105;079300;124628;0988300;086209;0683635
105;079400;124743;0990460;086248;0684810
105;079500;124857;0992615;086286;0685975
105;079600;124971;0994770;086324;0687140
105;079700;125085;0996925;086362;0688305
105;079800;125200;0999095;086400;0689470
105;079900;125314;1001260;086438;0690640
105;080000;125428;1003425;086476;0691810
105;080100;125542;1005590;086514;0692975
105;080200;125656;1007760;086552;0694145
105;080300;125771;1009940;086590;0695320
105;080400;125885;1012115;086628;0696490
105;080500;125999;1014290;086666;0697660
105;080600;126113;1016470;086704;0698835
105;080700;126228;1018660;086743;0700015
105;080800;126342;1020845;086781;0701190
105;080900;126456;1023030;086819;0702365
105;081000;126570;1025215;086857;0703540
105;081100;126686;1027425;086895;0704720
105;081200;126800;1029615;086933;0705895
105;081300;126914;1031810;086971;0707075
105;081400;127028;1034010;087009;0708255
105;081500;127143;1036215;087048;0709440
105;081600;127257;1038415;087086;0710620
105;081700;127371;1040620;087124;0711805
105;081800;127485;1042825;087162;0712985
105;081900;127600;1045045;087200;0714170
105;082000;127714;1047255;087238;0715350
105;082100;127828;1049470;087276;0716535
105;082200;127942;1051685;087314;0717720
105;082300;128056;1053900;087352;0718905
105;082400;128171;1056130;087390;0720095
105;082500;128285;1058350;087428;0721280
105;082600;128399;1060575;087466;0722470
105;082700;128513;1062805;087504;0723660
105;082800;128628;1065040;087543;0724855
105;082900;128742;1067270;087581;0726045
105;083000;128856;1069505;087619;0727240
105;083100;128970;1071740;087657;0728430
105;083200;129086;1073995;087695;0729620
105;083300;129200;1076235;087733;0730815
105;083400;129314;1078480;087771;0732010
105;083500;129428;1080725;087809;0733205
105;083600;129543;1082980;087848;0734410
105;083700;129657;1085230;087886;0735605
105;083800;129771;1087480;087924;0736805
105;083900;129885;1089735;087962;0738000
105;084000;130000;1092000;088000;0739200
105;084100;130029;1093545;088019;0740240
105;084200;130057;1095080;088038;0741280
105;084300;130086;1096625;088057;0742320
105;084400;130114;1098160;088076;0743360
105;084500;130143;1099710;088095;0744405
105;084600;130171;1101245;088114;0745445
105;084700;130200;1102795;088133;0746485
105;084800;130228;1104335;088152;0747530
105;084900;130257;1105880;088171;0748570
105;085000;130286;1107430;088190;0749615
105;085100;130314;1108970;088209;0750660
105;085200;130343;1110520;088228;0751705
105;085300;130371;1112065;088248;0752755
105;085400;130400;1113615;088267;0753800
105;085500;130428;1115160;088286;0754845
105;085600;130457;1116710;088305;0755890
105;085700;130486;1118265;088324;0756935
105;085800;130514;1119810;088343;0757985
105;085900;130543;1121365;088362;0759030
105;086000;130571;1122910;088381;0760075
105;086100;130600;1124465;088400;0761125
105;086200;130629;1126020;088419;0762170
105;086300;130657;1127570;088438;0763220
105;086400;130686;1129125;088457;0764270
105;086500;130714;1130675;088476;0765315
105;086600;130743;1132235;088495;0766365
105;086700;130771;1133785;088514;0767415
105;086800;130800;1135345;088533;0768465
105;086900;130828;1136895;088552;0769515
105;087000;130857;1138455;088571;0770570
105;087100;130886;1140015;088590;0771620
105;087200;130914;1141570;088609;0772670
105;087300;130943;1143130;088628;0773720
105;087400;130971;1144685;088648;0774785
105;087500;131000;1146250;088667;0775835
105;087600;131028;1147805;088686;0776890
105;087700;131057;1149370;088705;0777945
105;087800;131086;1150935;088724;0778995
105;087900;131114;1152490;088743;0780050
105;088000;131143;1154060;088762;0781105
105;088100;131171;1155615;088781;0782160
105;088200;131200;1157185;088800;0783215
105;088300;131229;1158750;088819;0784270
105;088400;131257;1160310;088838;0785330
105;088500;131286;1161880;088857;0786385
105;088600;131314;1163440;088876;0787440
105;088700;131343;1165010;088895;0788500
105;088800;131371;1166575;088914;0789555
105;088900;131400;1168145;088933;0790615
105;089000;131428;1169710;088952;0791675
105;089100;131457;1171280;088971;0792730
105;089200;131486;1172855;088990;0793790
105;089300;131514;1174420;089009;0794850
105;089400;131543;1175995;089028;0795910
105;089500;131571;1177560;089048;0796980
105;089600;131600;1179135;089067;0798040
105;089700;131628;1180705;089086;0799100
105;089800;131657;1182280;089105;0800165
105;089900;131686;1183855;089124;0801225
105;090000;131714;1185425;089143;0802285
105;090100;131743;1187005;089162;0803350
105;090200;131771;1188575;089181;0804415
105;090300;131800;1190155;089200;0805475
105;090400;131829;1191735;089219;0806540
105;090500;131857;1193305;089238;0807605
105;090600;131886;1194885;089257;0808670
105;090700;131914;1196460;089276;0809735
105;090800;131943;1198040;089295;0810800
105;090900;131971;1199615;089314;0811865
105;091000;132000;1201200;089333;0812930
105;091100;132028;1202775;089352;0813995
105;091200;132057;1204360;089371;0815065
105;091300;132086;1205945;089390;0816130
105;091400;132114;1207520;089409;0817200
105;091500;132143;1209110;089428;0818265
105;091600;132171;1210685;089448;0819345
105;091700;132200;1212275;089467;0820410
105;091800;132228;1213855;089486;0821480
105;091900;132257;1215440;089505;0822550
105;092000;132286;1217030;089524;0823620
105;092100;132314;1218610;089543;0824690
105;092200;132343;1220200;089562;0825760
105;092300;132371;1221785;089581;0826835
105;092400;132400;1223375;089600;0827905
105;092500;132429;1224970;089619;0828975
105;092600;132457;1226550;089638;0830050
105;092700;132486;1228145;089657;0831120
105;092800;132514;1229730;089676;0832195
105;092900;132543;1231325;089695;0833265
105;093000;132571;1232910;089714;0834340
105;093100;132600;1234505;089733;0835415
105;093200;132628;1236095;089752;0836490
105;093300;132657;1237690;089771;0837565
105;093400;132686;1239285;089790;0838640
105;093500;132714;1240875;089809;0839715
105;093600;132743;1242475;089828;0840790
105;093700;132771;1244065;089848;0841875
105;093800;132800;1245665;089867;0842950
105;093900;132828;1247255;089886;0844030
105;094000;132857;1248855;089905;0845105
105;094100;132886;1250455;089924;0846185
105;094200;132914;1252050;089943;0847265
105;094300;132943;1253650;089962;0848340
105;094400;132971;1255245;089981;0849420
105;094500;133000;1256850;090000;0850500
105;094600;133019;1258360;090010;0851495
105;094700;133038;1259870;090019;0852480
105;094800;133057;1261380;090029;0853475
105;094900;133076;1262890;090038;0854460
105;095000;133095;1264405;090048;0855455
105;095100;133114;1265915;090057;0856440
105;095200;133133;1267425;090067;0857440
105;095300;133152;1268940;090076;0858425
105;095400;133171;1270450;090086;0859420
105;095500;133190;1271965;090095;0860405
105;095600;133209;1273480;090105;0861405
105;095700;133228;1274990;090114;0862390
105;095800;133248;1276515;090124;0863390
105;095900;133267;1278030;090133;0864375
105;096000;133286;1279545;090143;0865375
105;096100;133305;1281060;090152;0866360
105;096200;133324;1282575;090162;0867360
105;096300;133343;1284095;090171;0868345
105;096400;133362;1285610;090181;0869345
105;096500;133381;1287125;090190;0870335
105;096600;133400;1288645;090200;0871330
105;096700;133419;1290160;090210;0872330
105;096800;133438;1291680;090219;0873320
105;096900;133457;1293200;090229;0874320
105;097000;133476;1294715;090238;0875310
105;097100;133495;1296235;090248;0876310
105;097200;133514;1297755;090257;0877300
105;097300;133533;1299275;090267;0878300
105;097400;133552;1300795;090276;0879290
105;097500;133571;1302315;090286;0880290
105;097600;133590;1303840;090295;0881280
105;097700;133609;1305360;090305;0882280
105;097800;133628;1306880;090314;0883270
105;097900;133648;1308415;090324;0884270
105;098000;133667;1309935;090333;0885265
105;098100;133686;1311460;090343;0886265
105;098200;133705;1312985;090352;0887255
105;098300;133724;1314505;090362;0888260
105;098400;133743;1316030;090371;0889250
105;098500;133762;1317555;090381;0890255
105;098600;133781;1319080;090390;0891245
105;098700;133800;1320605;090400;0892250
105;098800;133819;1322130;090410;0893250
105;098900;133838;1323660;090419;0894245
105;099000;133857;1325185;090429;0895245
105;099100;133876;1326710;090438;0896240
105;099200;133895;1328240;090448;0897245
105;099300;133914;1329765;090457;0898240
105;099400;133933;1331295;090467;0899240
105;099500;133952;1332820;090476;0900235
105;099600;133971;1334350;090486;0901240
105;099700;133990;1335880;090495;0902235
105;099800;134009;1337410;090505;0903240
105;099900;134028;1338940;090514;0904235
105;100000;134048;1340480;090524;0905240
105;100100;134067;1342010;090533;0906235
105;100200;134086;1343540;090543;0907240
105;100300;134105;1345075;090552;0908235
105;100400;134124;1346605;090562;0909240
105;100500;134143;1348135;090571;0910240
105;100600;134162;1349670;090581;0911245
105;100700;134181;1351205;090590;0912240
105;100800;134200;1352735;090600;0913250
105;100900;134219;1354270;090610;0914255
105;101000;134238;1355805;090619;0915250
105;101100;134257;1357340;090629;0916260
105;101200;134276;1358875;090638;0917255
105;101300;134295;1360410;090648;0918265
105;101400;134314;1361945;090657;0919260
105;101500;134333;1363480;090667;0920270
105;101600;134352;1365015;090676;0921270
105;101700;134371;1366555;090686;0922275
105;101800;134390;1368090;090695;0923275
105;101900;134409;1369630;090705;0924285
105;102000;134428;1371165;090714;0925285
105;102100;134448;1372715;090724;0926290
105;102200;134467;1374255;090733;0927290
105;102300;134486;1375790;090743;0928300
105;102400;134505;1377330;090752;0929300
105;102500;134524;1378870;090762;0930310
105;102600;134543;1380410;090771;0931310
105;102700;134562;1381950;090781;0932320
105;102800;134581;1383495;090790;0933320
105;102900;134600;1385035;090800;0934330
105;103000;134619;1386575;090810;0935345
105;103100;134638;1388120;090819;0936345
105;103200;134657;1389660;090829;0937355
105;103300;134676;1391205;090838;0938355
105;103400;134695;1392745;090848;0939370
105;103500;134714;1394290;090857;0940370
105;103600;134733;1395835;090867;0941380
105;103700;134752;1397380;090876;0942385
105;103800;134771;1398925;090886;0943395
105;103900;134790;1400470;090895;0944400
105;104000;134809;1402015;090905;0945410
105;104100;134828;1403560;090914;0946415
105;104200;134848;1405115;090924;0947430
105;104300;134867;1406665;090933;0948430
105;104400;134886;1408210;090943;0949445
105;104500;134905;1409755;090952;0950450
105;104600;134924;1411305;090962;0951465
105;104700;134943;1412855;090971;0952465
105;104800;134962;1414400;090981;0953480
105;104900;134981;1415950;090990;0954485
105;105000;135000;1417500;091000;0955500
105;105100;135005;1418905;091010;0956515
105;105200;135010;1420305;091019;0957520
105;105300;135014;1421695;091029;0958535
105;105400;135019;1423100;091038;0959540
105;105500;135024;1424505;091048;0960555
105;105600;135029;1425905;091057;0961560
105;105700;135033;1427300;091067;0962580
105;105800;135038;1428700;091076;0963585
105;105900;135043;1430105;091086;0964600
105;106000;135048;1431510;091095;0965605
105;106100;135052;1432900;091105;0966625
105;106200;135057;1434305;091114;0967630
105;106300;135062;1435710;091124;0968650
105;106400;135067;1437115;091133;0969655
105;106500;135071;1438505;091143;0970675
105;106600;135076;1439910;091152;0971680
105;106700;135081;1441315;091162;0972700
105;106800;135086;1442720;091171;0973705
105;106900;135090;1444110;091181;0974725
105;107000;135095;1445515;091190;0975735
105;107100;135100;1446920;091200;0976750
105;107200;135105;1448325;091210;0977770
105;107300;135110;1449730;091219;0978780
105;107400;135114;1451125;091229;0979800
105;107500;135119;1452530;091238;0980810
105;107600;135124;1453935;091248;0981830
105;107700;135129;1455340;091257;0982840
105;107800;135133;1456735;091267;0983860
105;107900;135138;1458140;091276;0984870
105;108000;135143;1459545;091286;0985890
105;108100;135148;1460950;091295;0986900
105;108200;135152;1462345;091305;0987920
105;108300;135157;1463750;091314;0988930
105;108400;135162;1465155;091324;0989950
105;108500;135167;1466560;091333;0990965
105;108600;135171;1467955;091343;0991985
105;108700;135176;1469365;091352;0992995
105;108800;135181;1470770;091362;0994020
105;108900;135186;1472175;091371;0995030
105;109000;135190;1473570;091381;0996055
105;109100;135195;1474975;091390;0997065
105;109200;135200;1476385;091400;0998090
105;109300;135205;1477790;091410;0999110
105;109400;135210;1479195;091419;1000125
105;109500;135214;1480595;091429;1001150
105;109600;135219;1482000;091438;1002160
105;109700;135224;1483405;091448;1003185
105;109800;135229;1484815;091457;1004200
105;109900;135233;1486210;091467;1005220
105;110000;135238;1487620;091476;1006235
105;110100;135243;1489025;091486;1007260
105;110200;135248;1490435;091495;1008275
105;110300;135252;1491830;091505;1009300
105;110400;135257;1493235;091514;1010315
105;110500;135262;1494645;091524;1011340
105;110600;135267;1496055;091533;1012355
105;110700;135271;1497450;091543;1013380
105;110800;135276;1498860;091552;1014395
105;110900;135281;1500265;091562;1015425
105;111000;135286;1501675;091571;1016440
105;111100;135290;1503070;091581;1017465
105;111200;135295;1504480;091590;1018480
105;111300;135300;1505890;091600;1019510
105;111400;135305;1507300;091610;1020535
105;111500;135310;1508705;091619;1021550
105;111600;135314;1510105;091629;1022580
105;111700;135319;1511515;091638;1023595
105;111800;135324;1512920;091648;1024625
105;111900;135329;1514330;091657;1025640
105;112000;135333;1515730;091667;1026670
105;112100;135338;1517140;091676;1027690
105;112200;135343;1518550;091686;1028715
105;112300;135348;1519960;091695;1029735
105;112400;135352;1521355;091705;1030765
105;112500;135357;1522765;091714;1031785
105;112600;135362;1524175;091724;1032810
105;112700;135367;1525585;091733;1033830
105;112800;135371;1526985;091743;1034860
105;112900;135376;1528395;091752;1035880
105;113000;135381;1529805;091762;1036910
105;113100;135386;1531215;091771;1037930
105;113200;135390;1532615;091781;1038960
105;113300;135395;1534025;091790;1039980
105;113400;135400;1535435;091800;1041010
105;113500;135405;1536845;091810;1042045
105;113600;135410;1538260;091819;1043065
105;113700;135414;1539655;091829;1044095
105;113800;135419;1541070;091838;1045115
105;113900;135424;1542480;091848;1046150
105;114000;135429;1543890;091857;1047170
105;114100;135433;1545290;091867;1048200
105;114200;135438;1546700;091876;1049225
105;114300;135443;1548115;091886;1050255
105;114400;135448;1549525;091895;1051280
105;114500;135452;1550925;091905;1052310
105;114600;135457;1552335;091914;1053335
105;114700;135462;1553750;091924;1054370
105;114800;135467;1555160;091933;1055390
105;114900;135471;1556560;091943;1056425
105;115000;135476;1557975;091952;1057450
105;115100;135481;1559385;091962;1058485
105;115200;135486;1560800;091971;1059505
105;115300;135490;1562200;091981;1060540
105;115400;135495;1563610;091990;1061565
105;115500;135500;1565025;092000;1062600
105;115600;135505;1566440;092010;1063635
105;115700;135510;1567850;092019;1064660
105;115800;135514;1569250;092029;1065695
105;115900;135519;1570665;092038;1066720
105;116000;135524;1572080;092048;1067755
105;116100;135529;1573490;092057;1068780
105;116200;135533;1574895;092067;1069820
105;116300;135538;1576305;092076;1070845
105;116400;135543;1577720;092086;1071880
105;116500;135548;1579135;092095;1072905
105;116600;135552;1580535;092105;1073945
105;116700;135557;1581950;092114;1074970
105;116800;135562;1583365;092124;1076010
105;116900;135567;1584780;092133;1077035
105;117000;135571;1586180;092143;1078075
105;117100;135576;1587595;092152;1079100
105;117200;135581;1589010;092162;1080140
105;117300;135586;1590425;092171;1081165
105;117400;135590;1591825;092181;1082205
105;117500;135595;1593240;092190;1083235
105;117600;135600;1594655;092200;1084270
105;117700;135605;1596070;092210;1085310
105;117800;135610;1597485;092219;1086340
105;117900;135614;1598890;092229;1087380
105;118000;135619;1600305;092238;1088410
105;118100;135624;1601720;092248;1089450
105;118200;135629;1603135;092257;1090480
105;118300;135633;1604540;092267;1091520
105;118400;135638;1605955;092276;1092550
105;118500;135643;1607370;092286;1093590
105;118600;135648;1608785;092295;1094620
105;118700;135652;1610190;092305;1095660
105;118800;135657;1611605;092314;1096690
105;118900;135662;1613020;092324;1097730
105;119000;135667;1614435;092333;1098765
105;119100;135671;1615840;092343;1099805
105;119200;135676;1617260;092352;1100835
105;119300;135681;1618675;092362;1101880
105;119400;135686;1620090;092371;1102910
105;119500;135690;1621495;092381;1103955
105;119600;135695;1622910;092390;1104985
105;119700;135700;1624330;092400;1106030
105;119800;135705;1625745;092410;1107070
105;119900;135710;1627165;092419;1108105
105;120000;135714;1628570;092429;1109150
105;120100;135719;1629985;092438;1110180
105;120200;135724;1631400;092448;1111225
105;120300;135729;1632820;092457;1112260
105;120400;135733;1634225;092467;1113305
105;120500;135738;1635645;092476;1114335
105;120600;135743;1637060;092486;1115380
105;120700;135748;1638480;092495;1116415
105;120800;135752;1639885;092505;1117460
105;120900;135757;1641300;092514;1118495
105;121000;135762;1642720;092524;1119540
105;121100;135767;1644140;092533;1120575
105;121200;135771;1645545;092543;1121620
105;121300;135776;1646965;092552;1122655
105;121400;135781;1648380;092562;1123705
105;121500;135786;1649800;092571;1124740
105;121600;135790;1651205;092581;1125785
105;121700;135795;1652625;092590;1126820
105;121800;135800;1654045;092600;1127870
105;121900;135805;1655465;092610;1128915
105;122000;135810;1656880;092619;1129950
105;122100;135814;1658290;092629;1131000
105;122200;135819;1659710;092638;1132035
105;122300;135824;1661130;092648;1133085
105;122400;135829;1662545;092657;1134120
105;122500;135833;1663955;092667;1135170
105;122600;135838;1665375;092676;1136210
105;122700;135843;1666795;092686;1137255
105;122800;135848;1668215;092695;1138295
105;122900;135852;1669620;092705;1139345
105;123000;135857;1671040;092714;1140380
105;123100;135862;1672460;092724;1141430
105;123200;135867;1673880;092733;1142470
105;123300;135871;1675290;092743;1143520
105;123400;135876;1676710;092752;1144560
105;123500;135881;1678130;092762;1145610
105;123600;135886;1679550;092771;1146650
105;123700;135890;1680960;092781;1147700
105;123800;135895;1682380;092790;1148740
105;123900;135900;1683800;092800;1149790
105;124000;135905;1685220;092810;1150845
105;124100;135910;1686645;092819;1151885
105;124200;135914;1688050;092829;1152935
105;124300;135919;1689475;092838;1153975
105;124400;135924;1690895;092848;1155030
105;124500;135929;1692315;092857;1156070
105;124600;135933;1693725;092867;1157125
105;124700;135938;1695145;092876;1158165
105;124800;135943;1696570;092886;1159215
105;124900;135948;1697990;092895;1160260
105;125000;135952;1699400;092905;1161315
105;125100;135957;1700820;092914;1162355
105;125200;135962;1702245;092924;1163410
105;125300;135967;1703665;092933;1164450
105;125400;135971;1705075;092943;1165505
105;125500;135976;1706500;092952;1166550
105;125600;135981;1707920;092962;1167605
105;125700;135986;1709345;092971;1168645
105;125800;135990;1710755;092981;1169700
105;125900;135995;1712175;092990;1170745
105;126000;136000;1713600;093000;1171800
105;126100;136005;1715025;093010;1172855
105;126200;136010;1716445;093019;1173900
105;126300;136014;1717855;093029;1174955
105;126400;136019;1719280;093038;1176000
105;126500;136024;1720705;093048;1177055
105;126600;136029;1722125;093057;1178100
105;126700;136033;1723540;093067;1179160
105;126800;136038;1724960;093076;1180205
105;126900;136043;1726385;093086;1181260
105;127000;136048;1727810;093095;1182305
105;127100;136052;1729220;093105;1183365
105;127200;136057;1730645;093114;1184410
105;127300;136062;1732070;093124;1185470
105;127400;136067;1733495;093133;1186515
105;127500;136071;1734905;093143;1187575
105;127600;136076;1736330;093152;1188620
105;127700;136081;1737755;093162;1189680
105;127800;136086;1739180;093171;1190725
105;127900;136090;1740590;093181;1191785
105;128000;136095;1742015;093190;1192830
105;128100;136100;1743440;093200;1193890
105;128200;136105;1744865;093210;1194950
105;128300;136110;1746290;093219;1196000
105;128400;136114;1747705;093229;1197060
105;128500;136119;1749130;093238;1198110
105;128600;136124;1750555;093248;1199170
105;128700;136129;1751980;093257;1200220
105;128800;136133;1753395;093267;1201280
105;128900;136138;1754820;093276;1202330
105;129000;136143;1756245;093286;1203390
105;129100;136148;1757670;093295;1204440
105;129200;136152;1759085;093305;1205500
105;129300;136157;1760510;093314;1206550
105;129400;136162;1761935;093324;1207615
105;129500;136167;1763365;093333;1208660
105;129600;136171;1764775;093343;1209725
105;129700;136176;1766205;093352;1210775
105;129800;136181;1767630;093362;1211840
105;129900;136186;1769055;093371;1212890
105;130000;136190;1770470;093381;1213955
105;130100;136195;1771895;093390;1215005
105;130200;136200;1773325;093400;1216070
105;130300;136205;1774750;093410;1217130
105;130400;136210;1776180;093419;1218185
105;130500;136214;1777595;093429;1219250
105;130600;136219;1779020;093438;1220300
105;130700;136224;1780450;093448;1221365
105;130800;136229;1781875;093457;1222420
105;130900;136233;1783290;093467;1223485
105;131000;136238;1784720;093476;1224535
105;131100;136243;1786145;093486;1225600
105;131200;136248;1787575;093495;1226655
105;131300;136252;1788990;093505;1227720
105;131400;136257;1790415;093514;1228775
105;131500;136262;1791845;093524;1229840
105;131600;136267;1793275;093533;1230895
105;131700;136271;1794690;093543;1231960
105;131800;136276;1796120;093552;1233015
105;131900;136281;1797545;093562;1234085
105;132000;136286;1798975;093571;1235135
105;132100;136290;1800390;093581;1236205
105;132200;136295;1801820;093590;1237260
105;132300;136300;1803250;093600;1238330
105;132400;136305;1804680;093610;1239395
105;132500;136310;1806110;093619;1240450
105;132600;136314;1807525;093629;1241520
105;132700;136319;1808955;093638;1242575
105;132800;136324;1810385;093648;1243645
105;132900;136329;1811810;093657;1244700
105;133000;136333;1813230;093667;1245770
105;133100;136338;1814660;093676;1246830
105;133200;136343;1816090;093686;1247900
105;133300;136348;1817520;093695;1248955
105;133400;136352;1818935;093705;1250025
105;133500;136357;1820365;093714;1251080
105;133600;136362;1821795;093724;1252155
105;133700;136367;1823225;093733;1253210
105;133800;136371;1824645;093743;1254280
105;133900;136376;1826075;093752;1255340
105;134000;136381;1827505;093762;1256410
105;134100;136386;1828935;093771;1257470
105;134200;136390;1830355;093781;1258540
105;134300;136395;1831785;093790;1259600
105;134400;136400;1833215;093800;1260670
105;134500;136405;1834645;093810;1261745
105;134600;136410;1836080;093819;1262805
105;134700;136414;1837495;093829;1263875
105;134800;136419;1838930;093838;1264935
105;134900;136424;1840360;093848;1266010
105;135000;136429;1841790;093857;1267070
105;135100;136433;1843210;093867;1268145
105;135200;136438;1844640;093876;1269205
105;135300;136443;1846075;093886;1270280
105;135400;136448;1847505;093895;1271340
105;135500;136452;1848925;093905;1272415
105;135600;136457;1850355;093914;1273475
105;135700;136462;1851790;093924;1274550
105;135800;136467;1853220;093933;1275610
105;135900;136471;1854640;093943;1276685
105;136000;136476;1856075;093952;1277745
105;136100;136481;1857505;093962;1278825
105;136200;136486;1858940;093971;1279885
105;136300;136490;1860360;093981;1280960
105;136400;136495;1861790;093990;1282025
105;136500;136500;1863225;094000;1283100
105;136600;136505;1864660;094010;1284175
105;136700;136510;1866090;094019;1285240
105;136800;136514;1867510;094029;1286315
105;136900;136519;1868945;094038;1287380
105;137000;136524;1870380;094048;1288460
105;137100;136529;1871815;094057;1289520
105;137200;136533;1873235;094067;1290600
105;137300;136538;1874665;094076;1291665
105;137400;136543;1876100;094086;1292740
105;137500;136548;1877535;094095;1293805
105;137600;136552;1878955;094105;1294885
105;137700;136557;1880390;094114;1295950
105;137800;136562;1881825;094124;1297030
105;137900;136567;1883260;094133;1298095
105;138000;136571;1884680;094143;1299175
105;138100;136576;1886115;094152;1300240
105;138200;136581;1887550;094162;1301320
105;138300;136586;1888985;094171;1302385
105;138400;136590;1890405;094181;1303465
105;138500;136595;1891840;094190;1304530
105;138600;136600;1893275;094200;1305610
105;138700;136605;1894710;094210;1306695
105;138800;136610;1896145;094219;1307760
105;138900;136614;1897570;094229;1308840
105;139000;136619;1899005;094238;1309910
105;139100;136624;1900440;094248;1310990
105;139200;136629;1901875;094257;1312055
105;139300;136633;1903300;094267;1313140
105;139400;136638;1904735;094276;1314205
105;139500;136643;1906170;094286;1315290
105;139600;136648;1907605;094295;1316360
105;139700;136652;1909030;094305;1317440
105;139800;136657;1910465;094314;1318510
105;139900;136662;1911900;094324;1319595
105;140000;136667;1913340;094333;1320660
105;140100;136671;1914760;094343;1321745
105;140200;136676;1916200;094352;1322815
105;140300;136681;1917635;094362;1323900
105;140400;136686;1919070;094371;1324970
105;140500;136690;1920495;094381;1326055
105;140600;136695;1921930;094390;1327125
105;140700;136700;1923370;094400;1328210
105;140800;136705;1924805;094410;1329295
105;140900;136710;1926245;094419;1330365
105;141000;136714;1927665;094429;1331450
105;141100;136719;1929105;094438;1332520
105;141200;136724;1930545;094448;1333605
105;141300;136729;1931980;094457;1334675
105;141400;136733;1933405;094467;1335765
105;141500;136738;1934845;094476;1336835
105;141600;136743;1936280;094486;1337920
105;141700;136748;1937720;094495;1338995
105;141800;136752;1939145;094505;1340080
105;141900;136757;1940580;094514;1341155
105;142000;136762;1942020;094524;1342240
105;142100;136767;1943460;094533;1343315
105;142200;136771;1944885;094543;1344400
105;142300;136776;1946320;094552;1345475
105;142400;136781;1947760;094562;1346565
105;142500;136786;1949200;094571;1347635
105;142600;136790;1950625;094581;1348725
105;142700;136795;1952065;094590;1349800
105;142800;136800;1953505;094600;1350890
105;142900;136805;1954945;094610;1351975
105;143000;136810;1956385;094619;1353050
105;143100;136814;1957810;094629;1354140
105;143200;136819;1959250;094638;1355215
105;143300;136824;1960690;094648;1356305
105;143400;136829;1962130;094657;1357380
105;143500;136833;1963555;094667;1358470
105;143600;136838;1964995;094676;1359545
105;143700;136843;1966435;094686;1360640
105;143800;136848;1967875;094695;1361715
105;143900;136852;1969300;094705;1362805
105;144000;136857;1970740;094714;1363880
105;144100;136862;1972180;094724;1364975
105;144200;136867;1973620;094733;1366050
105;144300;136871;1975050;094743;1367140
105;144400;136876;1976490;094752;1368220
105;144500;136881;1977930;094762;1369310
105;144600;136886;1979370;094771;1370390
105;144700;136890;1980800;094781;1371480
105;144800;136895;1982240;094790;1372560
105;144900;136900;1983680;094800;1373650
105;145000;136905;1985125;094810;1374745
105;145100;136910;1986565;094819;1375825
105;145200;136914;1987990;094829;1376915
105;145300;136919;1989435;094838;1377995
105;145400;136924;1990875;094848;1379090
105;145500;136929;1992315;094857;1380170
105;145600;136933;1993745;094867;1381265
105;145700;136938;1995185;094876;1382345
105;145800;136943;1996630;094886;1383440
105;145900;136948;1998070;094895;1384520
105;146000;136952;1999500;094905;1385615
105;146100;136957;2000940;094914;1386695
105;146200;136962;2002385;094924;1387790
105;146300;136967;2003825;094933;1388870
105;146400;136971;2005255;094943;1389965
105;146500;136976;2006700;094952;1391045
105;146600;136981;2008140;094962;1392145
105;146700;136986;2009585;094971;1393225
105;146800;136990;2011015;094981;1394320
105;146900;136995;2012455;094990;1395405
105;147000;137000;2013900;095000;1396500
105;147100;137005;2015345;095010;1397595
105;147200;137010;2016785;095019;1398680
105;147300;137014;2018215;095029;1399775
105;147400;137019;2019660;095038;1400860
105;147500;137024;2021105;095048;1401960
105;147600;137029;2022550;095057;1403040
105;147700;137033;2023975;095067;1404140
105;147800;137038;2025420;095076;1405225
105;147900;137043;2026865;095086;1406320
105;148000;137048;2028310;095095;1407405
105;148100;137052;2029740;095105;1408505
105;148200;137057;2031185;095114;1409590
105;148300;137062;2032630;095124;1410690
105;148400;137067;2034075;095133;1411775
105;148500;137071;2035505;095143;1412875
105;148600;137076;2036950;095152;1413960
105;148700;137081;2038395;095162;1415060
105;148800;137086;2039840;095171;1416145
105;148900;137090;2041270;095181;1417245
105;149000;137095;2042715;095190;1418330
105;149100;137100;2044160;095200;1419430
105;149200;137105;2045605;095210;1420535
105;149300;137110;2047050;095219;1421620
105;149400;137114;2048485;095229;1422720
105;149500;137119;2049930;095238;1423810
105;149600;137124;2051375;095248;1424910
105;149700;137129;2052820;095257;1425995
105;149800;137133;2054250;095267;1427100
105;149900;137138;2055700;095276;1428185
105;150000;137143;2057145;095286;1429290
105;150100;137148;2058590;095295;1430380
105;150200;137152;2060025;095305;1431480
105;150300;137157;2061470;095314;1432570
105;150400;137162;2062915;095324;1433675
105;150500;137167;2064365;095333;1434760
105;150600;137171;2065795;095343;1435865
105;150700;137176;2067240;095352;1436955
105;150800;137181;2068690;095362;1438060
105;150900;137186;2070135;095371;1439150
105;151000;137190;2071570;095381;1440255
105;151100;137195;2073015;095390;1441345
105;151200;137200;2074465;095400;1442450
105;151300;137205;2075910;095410;1443555
105;151400;137210;2077360;095419;1444645
105;151500;137214;2078790;095429;1445750
105;151600;137219;2080240;095438;1446840
105;151700;137224;2081690;095448;1447945
105;151800;137229;2083135;095457;1449035
105;151900;137233;2084570;095467;1450145
105;152000;137238;2086020;095476;1451235
105;152100;137243;2087465;095486;1452340
105;152200;137248;2088915;095495;1453435
105;152300;137252;2090350;095505;1454540
105;152400;137257;2091795;095514;1455635
105;152500;137262;2093245;095524;1456740
105;152600;137267;2094695;095533;1457835
105;152700;137271;2096130;095543;1458940
105;152800;137276;2097575;095552;1460035
105;152900;137281;2099025;095562;1461145
105;153000;137286;2100475;095571;1462235
105;153100;137290;2101910;095581;1463345
105;153200;137295;2103360;095590;1464440
105;153300;137300;2104810;095600;1465550
105;153400;137305;2106260;095610;1466655
105;153500;137310;2107710;095619;1467750
105;153600;137314;2109145;095629;1468860
105;153700;137319;2110595;095638;1469955
105;153800;137324;2112045;095648;1471065
105;153900;137329;2113495;095657;1472160
105;154000;137333;2114930;095667;1473270
105;154100;137338;2116380;095676;1474365
105;154200;137343;2117830;095686;1475480
105;154300;137348;2119280;095695;1476575
105;154400;137352;2120715;095705;1477685
105;154500;137357;2122165;095714;1478780
105;154600;137362;2123615;095724;1479895
105;154700;137367;2125065;095733;1480990
105;154800;137371;2126505;095743;1482100
105;154900;137376;2127955;095752;1483200
105;155000;137381;2129405;095762;1484310
105;155100;137386;2130855;095771;1485410
105;155200;137390;2132295;095781;1486520
105;155300;137395;2133745;095790;1487620
105;155400;137400;2135195;095800;1488730
105;155500;137405;2136650;095810;1489845
105;155600;137410;2138100;095819;1490945
105;155700;137414;2139535;095829;1492060
105;155800;137419;2140990;095838;1493155
105;155900;137424;2142440;095848;1494270
105;156000;137429;2143890;095857;1495370
105;156100;137433;2145330;095867;1496485
105;156200;137438;2146780;095876;1497585
105;156300;137443;2148235;095886;1498700
105;156400;137448;2149685;095895;1499800
105;156500;137452;2151125;095905;1500915
105;156600;137457;2152575;095914;1502015
105;156700;137462;2154030;095924;1503130
105;156800;137467;2155485;095933;1504230
105;156900;137471;2156920;095943;1505345
105;157000;137476;2158375;095952;1506445
105;157100;137481;2159825;095962;1507565
105;157200;137486;2161280;095971;1508665
105;157300;137490;2162720;095981;1509780
105;157400;137495;2164170;095990;1510885
105;157500;137500;2165625;096000;1512000
105;157600;137505;2167080;096010;1513120
105;157700;137510;2168535;096019;1514220
105;157800;137514;2169970;096029;1515340
105;157900;137519;2171425;096038;1516440
105;158000;137524;2172880;096048;1517560
105;158100;137529;2174335;096057;1518660
105;158200;137533;2175770;096067;1519780
105;158300;137538;2177225;096076;1520885
105;158400;137543;2178680;096086;1522000
105;158500;137548;2180135;096095;1523105
105;158600;137552;2181575;096105;1524225
105;158700;137557;2183030;096114;1525330
105;158800;137562;2184485;096124;1526450
105;158900;137567;2185940;096133;1527555
105;159000;137571;2187380;096143;1528675
105;159100;137576;2188835;096152;1529780
105;159200;137581;2190290;096162;1530900
105;159300;137586;2191745;096171;1532005
105;159400;137590;2193185;096181;1533125
105;159500;137595;2194640;096190;1534230
105;159600;137600;2196095;096200;1535350
105;159700;137605;2197550;096210;1536475
105;159800;137610;2199010;096219;1537580
105;159900;137614;2200450;096229;1538700
105;160000;137619;2201905;096238;1539810
105;160100;137624;2203360;096248;1540930
105;160200;137629;2204815;096257;1542035
105;160300;137633;2206255;096267;1543160
105;160400;137638;2207715;096276;1544265
105;160500;137643;2209170;096286;1545390
105;160600;137648;2210625;096295;1546500
105;160700;137652;2212070;096305;1547620
105;160800;137657;2213525;096314;1548730
105;160900;137662;2214980;096324;1549855
105;161000;137667;2216440;096333;1550960
105;161100;137671;2217880;096343;1552085
105;161200;137676;2219335;096352;1553195
105;161300;137681;2220795;096362;1554320
105;161400;137686;2222250;096371;1555430
105;161500;137690;2223695;096381;1556555
105;161600;137695;2225150;096390;1557660
105;161700;137700;2226610;096400;1558790
105;161800;137705;2228065;096410;1559915
105;161900;137710;2229525;096419;1561025
105;162000;137714;2230965;096429;1562150
105;162100;137719;2232425;096438;1563260
105;162200;137724;2233885;096448;1564385
105;162300;137729;2235340;096457;1565495
105;162400;137733;2236785;096467;1566625
105;162500;137738;2238245;096476;1567735
105;162600;137743;2239700;096486;1568860
105;162700;137748;2241160;096495;1569975
105;162800;137752;2242605;096505;1571100
105;162900;137757;2244060;096514;1572215
105;163000;137762;2245520;096524;1573340
105;163100;137767;2246980;096533;1574455
105;163200;137771;2248425;096543;1575580
105;163300;137776;2249880;096552;1576695
105;163400;137781;2251340;096562;1577825
105;163500;137786;2252800;096571;1578935
105;163600;137790;2254245;096581;1580065
105;163700;137795;2255705;096590;1581180
105;163800;137800;2257165;096600;1582310
105;163900;137805;2258625;096610;1583440
105;164000;137810;2260085;096619;1584550
105;164100;137814;2261530;096629;1585680
105;164200;137819;2262990;096638;1586795
105;164300;137824;2264450;096648;1587925
105;164400;137829;2265910;096657;1589040
105;164500;137833;2267355;096667;1590170
105;164600;137838;2268815;096676;1591285
105;164700;137843;2270275;096686;1592420
105;164800;137848;2271735;096695;1593535
105;164900;137852;2273180;096705;1594665
105;165000;137857;2274640;096714;1595780
105;165100;137862;2276100;096724;1596915
105;165200;137867;2277565;096733;1598030
105;165300;137871;2279010;096743;1599160
105;165400;137876;2280470;096752;1600280
105;165500;137881;2281930;096762;1601410
105;165600;137886;2283390;096771;1602530
105;165700;137890;2284835;096781;1603660
105;165800;137895;2286300;096790;1604780
105;165900;137900;2287760;096800;1605910
105;166000;137905;2289225;096810;1607045
105;166100;137910;2290685;096819;1608165
105;166200;137914;2292130;096829;1609300
105;166300;137919;2293595;096838;1610415
105;166400;137924;2295055;096848;1611550
105;166500;137929;2296520;096857;1612670
105;166600;137933;2297965;096867;1613805
105;166700;137938;2299425;096876;1614925
105;166800;137943;2300890;096886;1616060
105;166900;137948;2302350;096895;1617180
105;167000;137952;2303800;096905;1618315
105;167100;137957;2305260;096914;1619435
105;167200;137962;2306725;096924;1620570
105;167300;137967;2308190;096933;1621690
105;167400;137971;2309635;096943;1622825
105;167500;137976;2311100;096952;1623945
105;167600;137981;2312560;096962;1625085
105;167700;137986;2314025;096971;1626205
105;167800;137990;2315470;096981;1627340
105;167900;137995;2316935;096990;1628460
105;168000;138000;2318400;097000;1629600
105;168100;138005;2319865;097010;1630740
105;168200;138010;2321330;097019;1631860
105;168300;138014;2322775;097029;1633000
105;168400;138019;2324240;097038;1634120
105;168500;138024;2325705;097048;1635260
105;168600;138029;2327170;097057;1636380
105;168700;138033;2328615;097067;1637520
105;168800;138038;2330080;097076;1638645
105;168900;138043;2331545;097086;1639785
105;169000;138048;2333010;097095;1640905
105;169100;138052;2334460;097105;1642045
105;169200;138057;2335925;097114;1643170
105;169300;138062;2337390;097124;1644310
105;169400;138067;2338855;097133;1645435
105;169500;138071;2340305;097143;1646575
105;169600;138076;2341770;097152;1647700
105;169700;138081;2343235;097162;1648840
105;169800;138086;2344700;097171;1649965
105;169900;138090;2346150;097181;1651105
105;170000;138095;2347615;097190;1652230
105;170100;138100;2349080;097200;1653370
105;170200;138105;2350545;097210;1654515
105;170300;138110;2352015;097219;1655640
105;170400;138114;2353465;097229;1656780
105;170500;138119;2354930;097238;1657910
105;170600;138124;2356395;097248;1659050
105;170700;138129;2357860;097257;1660175
105;170800;138133;2359310;097267;1661320
105;170900;138138;2360780;097276;1662445
105;171000;138143;2362245;097286;1663590
105;171100;138148;2363710;097295;1664715
105;171200;138152;2365160;097305;1665860
105;171300;138157;2366630;097314;1666990
105;171400;138162;2368095;097324;1668135
105;171500;138167;2369565;097333;1669260
105;171600;138171;2371015;097343;1670405
105;171700;138176;2372480;097352;1671535
105;171800;138181;2373950;097362;1672680
105;171900;138186;2375415;097371;1673805
105;172000;138190;2376870;097381;1674955
105;172100;138195;2378335;097390;1676080
105;172200;138200;2379805;097400;1677230
105;172300;138205;2381270;097410;1678375
105;172400;138210;2382740;097419;1679505
105;172500;138214;2384190;097429;1680650
105;172600;138219;2385660;097438;1681780
105;172700;138224;2387130;097448;1682925
105;172800;138229;2388595;097457;1684055
105;172900;138233;2390050;097467;1685205
105;173000;138238;2391515;097476;1686335
105;173100;138243;2392985;097486;1687485
105;173200;138248;2394455;097495;1688615
105;173300;138252;2395905;097505;1689760
105;173400;138257;2397375;097514;1690895
105;173500;138262;2398845;097524;1692040
105;173600;138267;2400315;097533;1693175
105;173700;138271;2401765;097543;1694320
105;173800;138276;2403235;097552;1695455
105;173900;138281;2404705;097562;1696605
105;174000;138286;2406175;097571;1697735
105;174100;138290;2407630;097581;1698885
105;174200;138295;2409100;097590;1700020
105;174300;138300;2410570;097600;1701170
105;174400;138305;2412040;097610;1702320
105;174500;138310;2413510;097619;1703450
105;174600;138314;2414960;097629;1704600
105;174700;138319;2416435;097638;1705735
105;174800;138324;2417905;097648;1706885
105;174900;138329;2419375;097657;1708020
105;175000;138333;2420830;097667;1709175
105;175100;138338;2422300;097676;1710305
105;175200;138343;2423770;097686;1711460
105;175300;138348;2425240;097695;1712595
105;175400;138352;2426695;097705;1713745
105;175500;138357;2428165;097714;1714880
105;175600;138362;2429635;097724;1716035
105;175700;138367;2431110;097733;1717170
105;175800;138371;2432560;097743;1718320
105;175900;138376;2434035;097752;1719460
105;176000;138381;2435505;097762;1720610
105;176100;138386;2436975;097771;1721745
105;176200;138390;2438430;097781;1722900
105;176300;138395;2439905;097790;1724040
105;176400;138400;2441375;097800;1725190
105;176500;138405;2442850;097810;1726345
105;176600;138410;2444320;097819;1727485
105;176700;138414;2445775;097829;1728640
105;176800;138419;2447250;097838;1729775
105;176900;138424;2448720;097848;1730930
105;177000;138429;2450195;097857;1732070
105;177100;138433;2451650;097867;1733225
105;177200;138438;2453120;097876;1734365
105;177300;138443;2454595;097886;1735520
105;177400;138448;2456070;097895;1736655
105;177500;138452;2457525;097905;1737815
105;177600;138457;2458995;097914;1738955
105;177700;138462;2460470;097924;1740110
105;177800;138467;2461945;097933;1741250
105;177900;138471;2463400;097943;1742405
105;178000;138476;2464875;097952;1743545
105;178100;138481;2466345;097962;1744705
105;178200;138486;2467820;097971;1745845
105;178300;138490;2469275;097981;1747000
105;178400;138495;2470750;097990;1748140
105;178500;138500;2472225;098000;1749300
105;178600;138505;2473700;098010;1750460
105;178700;138510;2475175;098019;1751600
105;178800;138514;2476630;098029;1752760
105;178900;138519;2478105;098038;1753900
105;179000;138524;2479580;098048;1755060
105;179100;138529;2481055;098057;1756200
105;179200;138533;2482510;098067;1757360
105;179300;138538;2483985;098076;1758505
105;179400;138543;2485460;098086;1759665
105;179500;138548;2486935;098095;1760805
105;179600;138552;2488395;098105;1761965
105;179700;138557;2489870;098114;1763110
105;179800;138562;2491345;098124;1764270
105;179900;138567;2492820;098133;1765415
105;180000;138571;2494280;098143;1766575
105;180100;138576;2495755;098152;1767720
105;180200;138581;2497230;098162;1768880
105;180300;138586;2498705;098171;1770025
105;180400;138590;2500165;098181;1771185
105;180500;138595;2501640;098190;1772330
105;180600;138600;2503115;098200;1773490
105;180700;138605;2504590;098210;1774655
105;180800;138610;2506070;098219;1775800
105;180900;138614;2507525;098229;1776965
105;181000;138619;2509005;098238;1778110
105;181100;138624;2510480;098248;1779270
105;181200;138629;2511955;098257;1780415
105;181300;138633;2513415;098267;1781580
105;181400;138638;2514895;098276;1782725
105;181500;138643;2516370;098286;1783890
105;181600;138648;2517850;098295;1785035
105;181700;138652;2519305;098305;1786200
105;181800;138657;2520785;098314;1787350
105;181900;138662;2522260;098324;1788515
105;182000;138667;2523740;098333;1789660
105;182100;138671;2525200;098343;1790825
105;182200;138676;2526675;098352;1791975
105;182300;138681;2528155;098362;1793140
105;182400;138686;2529635;098371;1794285
105;182500;138690;2531095;098381;1795455
105;182600;138695;2532570;098390;1796600
105;182700;138700;2534050;098400;1797770
105;182800;138705;2535525;098410;1798935
105;182900;138710;2537005;098419;1800085
105;183000;138714;2538465;098429;1801250
105;183100;138719;2539945;098438;1802400
105;183200;138724;2541425;098448;1803565
105;183300;138729;2542905;098457;1804715
105;183400;138733;2544365;098467;1805885
105;183500;138738;2545840;098476;1807035
105;183600;138743;2547320;098486;1808205
105;183700;138748;2548800;098495;1809355
105;183800;138752;2550260;098505;1810520
105;183900;138757;2551740;098514;1811670
105;184000;138762;2553220;098524;1812840
105;184100;138767;2554700;098533;1813995
105;184200;138771;2556160;098543;1815160
105;184300;138776;2557640;098552;1816315
105;184400;138781;2559120;098562;1817485
105;184500;138786;2560600;098571;1818635
105;184600;138790;2562065;098581;1819805
105;184700;138795;2563545;098590;1820955
105;184800;138800;2565025;098600;1822130
105;184900;138805;2566505;098610;1823300
105;185000;138810;2567985;098619;1824450
105;185100;138814;2569445;098629;1825625
105;185200;138819;2570930;098638;1826775
105;185300;138824;2572410;098648;1827945
105;185400;138829;2573890;098657;1829100
105;185500;138833;2575350;098667;1830275
105;185600;138838;2576835;098676;1831425
105;185700;138843;2578315;098686;1832600
105;185800;138848;2579795;098695;1833755
105;185900;138852;2581260;098705;1834925
105;186000;138857;2582740;098714;1836080
105;186100;138862;2584220;098724;1837255
105;186200;138867;2585705;098733;1838410
105;186300;138871;2587165;098743;1839580
105;186400;138876;2588650;098752;1840735
105;186500;138881;2590130;098762;1841910
105;186600;138886;2591615;098771;1843065
105;186700;138890;2593075;098781;1844240
105;186800;138895;2594560;098790;1845395
105;186900;138900;2596040;098800;1846570
105;187000;138905;2597525;098810;1847745
105;187100;138910;2599005;098819;1848905
105;187200;138914;2600470;098829;1850080
105;187300;138919;2601955;098838;1851235
105;187400;138924;2603435;098848;1852410
105;187500;138929;2604920;098857;1853570
105;187600;138933;2606385;098867;1854745
105;187700;138938;2607865;098876;1855905
105;187800;138943;2609350;098886;1857080
105;187900;138948;2610835;098895;1858235
105;188000;138952;2612300;098905;1859415
105;188100;138957;2613780;098914;1860570
105;188200;138962;2615265;098924;1861750
105;188300;138967;2616750;098933;1862910
105;188400;138971;2618215;098943;1864085
105;188500;138976;2619700;098952;1865245
105;188600;138981;2621180;098962;1866425
105;188700;138986;2622665;098971;1867585
105;188800;138990;2624130;098981;1868760
105;188900;138995;2625615;098990;1869920
105;189000;139000;2627100;099000;1871100
105;189100;139005;2628585;099005;1872185
105;189200;139010;2630070;099010;1873270
105;189300;139014;2631535;099014;1874335
105;189400;139019;2633020;099019;1875420
105;189500;139024;2634505;099024;1876505
105;189600;139029;2635990;099029;1877590
105;189700;139033;2637455;099033;1878655
105;189800;139038;2638940;099038;1879740
105;189900;139043;2640425;099043;1880825
105;190000;139048;2641910;099048;1881910
105;190100;139052;2643380;099052;1882980
105;190200;139057;2644865;099057;1884065
105;190300;139062;2646350;099062;1885150
105;190400;139067;2647835;099067;1886235
105;190500;139071;2649305;099071;1887305
105;190600;139076;2650790;099076;1888390
105;190700;139081;2652275;099081;1889475
105;190800;139086;2653760;099086;1890560
105;190900;139090;2655230;099090;1891630
105;191000;139095;2656715;099095;1892715
105;191100;139100;2658200;099100;1893800
105;191200;139105;2659690;099105;1894890
105;191300;139110;2661175;099110;1895975
105;191400;139114;2662640;099114;1897040
105;191500;139119;2664130;099119;1898130
105;191600;139124;2665615;099124;1899215
105;191700;139129;2667105;099129;1900305
105;191800;139133;2668570;099133;1901370
105;191900;139138;2670060;099138;1902460
105;192000;139143;2671545;099143;1903545
105;192100;139148;2673035;099148;1904635
105;192200;139152;2674500;099152;1905700
105;192300;139157;2675990;099157;1906790
105;192400;139162;2677475;099162;1907875
105;192500;139167;2678965;099167;1908965
105;192600;139171;2680435;099171;1910035
105;192700;139176;2681920;099176;1911120
105;192800;139181;2683410;099181;1912210
105;192900;139186;2684900;099186;1913300
105;193000;139190;2686365;099190;1914365
105;193100;139195;2687855;099195;1915455
105;193200;139200;2689345;099200;1916545
105;193300;139205;2690835;099205;1917635
105;193400;139210;2692320;099210;1918720
105;193500;139214;2693790;099214;1919790
105;193600;139219;2695280;099219;1920880
105;193700;139224;2696770;099224;1921970
105;193800;139229;2698260;099229;1923060
105;193900;139233;2699730;099233;1924130
105;194000;139238;2701215;099238;1925215
105;194100;139243;2702705;099243;1926305
105;194200;139248;2704195;099248;1927395
105;194300;139252;2705665;099252;1928465
105;194400;139257;2707155;099257;1929555
105;194500;139262;2708645;099262;1930645
105;194600;139267;2710135;099267;1931735
105;194700;139271;2711605;099271;1932805
105;194800;139276;2713095;099276;1933895
105;194900;139281;2714585;099281;1934985
105;195000;139286;2716075;099286;1936075
105;195100;139290;2717550;099290;1937150
105;195200;139295;2719040;099295;1938240
105;195300;139300;2720530;099300;1939330
105;195400;139305;2722020;099305;1940420
105;195500;139310;2723510;099310;1941510
105;195600;139314;2724980;099314;1942580
105;195700;139319;2726475;099319;1943675
105;195800;139324;2727965;099324;1944765
105;195900;139329;2729455;099329;1945855
105;196000;139333;2730925;099333;1946925
105;196100;139338;2732420;099338;1948020
105;196200;139343;2733910;099343;1949110
105;196300;139348;2735400;099348;1950200
105;196400;139352;2736875;099352;1951275
105;196500;139357;2738365;099357;1952365
105;196600;139362;2739855;099362;1953455
105;196700;139367;2741350;099367;1954550
105;196800;139371;2742820;099371;1955620
105;196900;139376;2744315;099376;1956715
105;197000;139381;2745805;099381;1957805
105;197100;139386;2747300;099386;1958900
105;197200;139390;2748770;099390;1959970
105;197300;139395;2750265;099395;1961065
105;197400;139400;2751755;099400;1962155
105;197500;139405;2753250;099405;1963250
105;197600;139410;2754740;099410;1964340
105;197700;139414;2756215;099414;1965415
105;197800;139419;2757710;099419;1966510
105;197900;139424;2759200;099424;1967600
105;198000;139429;2760695;099429;1968695
105;198100;139433;2762170;099433;1969770
105;198200;139438;2763660;099438;1970860
105;198300;139443;2765155;099443;1971955
105;198400;139448;2766650;099448;1973050
105;198500;139452;2768120;099452;1974120
105;198600;139457;2769615;099457;1975215
105;198700;139462;2771110;099462;1976310
105;198800;139467;2772605;099467;1977405
105;198900;139471;2774080;099471;1978480
105;199000;139476;2775570;099476;1979570
105;199100;139481;2777065;099481;1980665
105;199200;139486;2778560;099486;1981760
105;199300;139490;2780035;099490;1982835
105;199400;139495;2781530;099495;1983930
105;199500;139500;2783025;099500;1985025
105;199600;139505;2784520;099505;1986120
105;199700;139510;2786015;099510;1987215
105;199800;139514;2787490;099514;1988290
105;199900;139519;2788985;099519;1989385
105;200000;139524;2790480;099524;1990480
105;200100;139529;2791975;099529;1991575
105;200200;139533;2793450;099533;1992650
105;200300;139538;2794945;099538;1993745
105;200400;139543;2796440;099543;1994840
105;200500;139548;2797935;099548;1995935
105;200600;139552;2799415;099552;1997015
105;200700;139557;2800910;099557;1998110
105;200800;139562;2802405;099562;1999205
105;200900;139567;2803900;099567;2000300
105;201000;139571;2805375;099571;2001375
105;201100;139576;2806875;099576;2002475
105;201200;139581;2808370;099581;2003570
105;201300;139586;2809865;099586;2004665
105;201400;139590;2811345;099590;2005745
105;201500;139595;2812840;099595;2006840
105;201600;139600;2814335;099600;2007935
105;201700;139605;2815835;099605;2009035
105;201800;139610;2817330;099610;2010130
105;201900;139614;2818805;099614;2011205
105;202000;139619;2820305;099619;2012305
105;202100;139624;2821800;099624;2013400
105;202200;139629;2823300;099629;2014500
105;202300;139633;2824775;099633;2015575
105;202400;139638;2826275;099638;2016675
105;202500;139643;2827770;099643;2017770
105;202600;139648;2829270;099648;2018870
105;202700;139652;2830745;099652;2019945
105;202800;139657;2832245;099657;2021045
105;202900;139662;2833740;099662;2022140
105;203000;139667;2835240;099667;2023240
105;203100;139671;2836720;099671;2024320
105;203200;139676;2838215;099676;2025415
105;203300;139681;2839715;099681;2026515
105;203400;139686;2841215;099686;2027615
105;203500;139690;2842690;099690;2028690
105;203600;139695;2844190;099695;2029790
105;203700;139700;2845690;099700;2030890
105;203800;139705;2847190;099705;2031990
105;203900;139710;2848685;099710;2033085
105;204000;139714;2850165;099714;2034165
105;204100;139719;2851665;099719;2035265
105;204200;139724;2853165;099724;2036365
105;204300;139729;2854665;099729;2037465
105;204400;139733;2856145;099733;2038545
105;204500;139738;2857640;099738;2039640
105;204600;139743;2859140;099743;2040740
105;204700;139748;2860640;099748;2041840
105;204800;139752;2862120;099752;2042920
105;204900;139757;2863620;099757;2044020
105;205000;139762;2865120;099762;2045120
105;205100;139767;2866620;099767;2046220
105;205200;139771;2868100;099771;2047300
105;205300;139776;2869600;099776;2048400
105;205400;139781;2871100;099781;2049500
105;205500;139786;2872600;099786;2050600
105;205600;139790;2874080;099790;2051680
105;205700;139795;2875585;099795;2052785
105;205800;139800;2877085;099800;2053885
105;205900;139805;2878585;099805;2054985
105;206000;139810;2880085;099810;2056085
105;206100;139814;2881565;099814;2057165
105;206200;139819;2883070;099819;2058270
105;206300;139824;2884570;099824;2059370
105;206400;139829;2886070;099829;2060470
105;206500;139833;2887550;099833;2061550
105;206600;139838;2889055;099838;2062655
105;206700;139843;2890555;099843;2063755
105;206800;139848;2892055;099848;2064855
105;206900;139852;2893540;099852;2065940
105;207000;139857;2895040;099857;2067040
105;207100;139862;2896540;099862;2068140
105;207200;139867;2898045;099867;2069245
105;207300;139871;2899525;099871;2070325
105;207400;139876;2901030;099876;2071430
105;207500;139881;2902530;099881;2072530
105;207600;139886;2904035;099886;2073635
105;207700;139890;2905515;099890;2074715
105;207800;139895;2907020;099895;2075820
105;207900;139900;2908520;099900;2076920
105;208000;139905;2910025;099905;2078025
105;208100;139910;2911525;099910;2079125
105;208200;139914;2913010;099914;2080210
105;208300;139919;2914515;099919;2081315
105;208400;139924;2916015;099924;2082415
105;208500;139929;2917520;099929;2083520
105;208600;139933;2919000;099933;2084600
105;208700;139938;2920505;099938;2085705
105;208800;139943;2922010;099943;2086810
105;208900;139948;2923515;099948;2087915
105;209000;139952;2924995;099952;2088995
105;209100;139957;2926500;099957;2090100
105;209200;139962;2928005;099962;2091205
105;209300;139967;2929510;099967;2092310
105;209400;139971;2930995;099971;2093395
105;209500;139976;2932495;099976;2094495
105;209600;139981;2934000;099981;2095600
105;209700;139986;2935505;099986;2096705
105;209800;139990;2936990;099990;2097790
105;209900;139995;2938495;099995;2098895
105;210000;140000;2940000;100000;2100000
105;210100;140000;2941400;100000;2101000
