120;006000;020000;0012000;020000;0012000
120;006100;020064;0012240;020056;0012235
120;006200;020197;0012520;020172;0012505
120;006300;020330;0012810;020288;0012780
120;006400;020462;0013095;020405;0013060
120;006500;020594;0013385;020519;0013335
120;006600;020726;0013680;020636;0013620
120;006700;020858;0013975;020750;0013905
120;006800;020990;0014275;020867;0014190
120;006900;021122;0014575;020981;0014475
120;007000;021254;0014880;021098;0014770
120;007100;021387;0015185;021214;0015060
120;007200;021520;0015495;021330;0015360
120;007300;021651;0015805;021445;0015655
120;007400;021784;0016120;021561;0015955
120;007500;021917;0016440;021677;0016260
120;007600;022048;0016755;021792;0016560
120;007700;022181;0017080;021908;0016870
120;007800;022312;0017405;022023;0017180
120;007900;022445;0017730;022139;0017490
120;008000;022576;0018060;022254;0017805
120;008100;022709;0018395;022370;0018120
120;008200;022842;0018730;022486;0018440
120;008300;022974;0019070;022603;0018760
120;008400;023106;0019410;022717;0019080
120;008500;023238;0019750;022834;0019410
120;008600;023371;0020100;022950;0019735
120;008700;023504;0020450;023066;0020065
120;008800;023635;0020800;023181;0020400
120;008900;023766;0021150;023296;0020735
120;009000;023899;0021510;023412;0021070
120;009100;024032;0021870;023528;0021410
120;009200;024163;0022230;023643;0021750
120;009300;024296;0022595;023759;0022095
120;009400;024429;0022965;023875;0022445
120;009500;024560;0023330;023990;0022790
120;009600;024693;0023705;024106;0023140
120;009700;024826;0024080;024222;0023495
120;009800;024958;0024460;024339;0023850
120;009900;025090;0024840;024453;0024210
120;010000;025221;0025220;024568;0024570
120;010100;025354;0025610;024684;0024930
120;010200;025486;0025995;024801;0025295
120;010300;025618;0026385;024915;0025660
120;010400;025750;0026780;025032;0026035
120;010500;025883;0027175;025148;0026405
120;010600;026016;0027575;025264;0026780
120;010700;026147;0027975;025379;0027155
120;010800;026280;0028380;025495;0027535
120;010900;026413;0028790;025611;0027915
120;011000;026544;0029200;025726;0028300
120;011100;026675;0029610;025841;0028685
120;011200;026808;0030025;025957;0029070
120;011300;026941;0030445;026073;0029460
120;011400;027072;0030860;026188;0029855
120;011500;027205;0031285;026304;0030250
120;011600;027338;0031710;026420;0030645
120;011700;027470;0032140;026537;0031050
120;011800;027602;0032570;026651;0031450
120;011900;027734;0033005;026768;0031855
120;012000;027867;0033440;026884;0032260
120;012100;028000;0033880;027000;0032670
120;012200;028146;0034340;027146;0033120
120;012300;028295;0034805;027295;0033575
120;012400;028445;0035270;027445;0034030
120;012500;028594;0035745;027594;0034495
120;012600;028742;0036215;027742;0034955
120;012700;028891;0036690;027891;0035420
120;012800;029040;0037170;028040;0035890
120;012900;029188;0037655;028188;0036365
120;013000;029337;0038140;028337;0036840
120;013100;029487;0038630;028487;0037320
120;013200;029636;0039120;028636;0037800
120;013300;029782;0039610;028782;0038280
120;013400;029931;0040110;028931;0038770
120;013500;030081;0040610;029081;0039260
120;013600;030230;0041115;029230;0039755
120;013700;030378;0041620;029378;0040250
120;013800;030527;0042125;029527;0040745
120;013900;030677;0042640;029677;0041250
120;014000;030826;0043155;029826;0041755
120;014100;030974;0043675;029974;0042265
120;014200;031123;0044195;030123;0042775
120;014300;031272;0044720;030272;0043290
120;014400;031420;0045245;030420;0043805
120;014500;031568;0045775;030568;0044325
120;014600;031717;0046305;030717;0044845
120;014700;031866;0046845;030866;0045375
120;014800;032014;0047380;031014;0045900
120;014900;032163;0047925;031163;0046435
120;015000;032313;0048470;031313;0046970
120;015100;032462;0049020;031462;0047510
120;015200;032610;0049565;031610;0048045
120;015300;032759;0050120;031759;0048590
120;015400;032909;0050680;031909;0049140
120;015500;033056;0051235;032056;0049685
120;015600;033204;0051800;032204;0050240
120;015700;033353;0052365;032353;0050795
120;015800;033503;0052935;032503;0051355
120;015900;033652;0053505;032652;0051915
120;016000;033800;0054080;032800;0052480
120;016100;033949;0054660;032949;0053050
120;016200;034098;0055240;033098;0053620
120;016300;034246;0055820;033246;0054190
120;016400;034395;0056410;033395;0054770
120;016500;034545;0057000;033545;0055350
120;016600;034692;0057590;033692;0055930
120;016700;034840;0058185;033840;0056515
120;016800;034989;0058780;033989;0057100
120;016900;035139;0059385;034139;0057695
120;017000;035288;0059990;034288;0058290
120;017100;035436;0060595;034436;0058885
120;017200;035585;0061205;034585;0059485
120;017300;035735;0061820;034735;0060090
120;017400;035884;0062440;034884;0060700
120;017500;036032;0063055;035032;0061305
120;017600;036181;0063680;035181;0061920
120;017700;036329;0064300;035329;0062530
120;017800;036478;0064930;035478;0063150
120;017900;036626;0065560;035626;0063770
120;018000;036775;0066195;035775;0064395
120;018100;036924;0066830;035924;0065020
120;018200;037072;0067470;036064;0065635
120;018300;037221;0068115;036197;0066240
120;018400;037371;0068765;036330;0066845
120;018500;037520;0069410;036462;0067455
120;018600;037668;0070060;036594;0068065
120;018700;037817;0070720;036726;0068680
120;018800;037965;0071375;036858;0069295
120;018900;038114;0072035;036990;0069910
120;019000;038262;0072700;037122;0070530
120;019100;038411;0073365;037254;0071155
120;019200;038561;0074035;037387;0071785
120;019300;038710;0074710;037520;0072415
120;019400;038858;0075385;037651;0073045
120;019500;039007;0076065;037784;0073680
120;019600;039156;0076745;037917;0074315
120;019700;039304;0077430;038048;0074955
120;019800;039453;0078115;038181;0075600
120;019900;039601;0078805;038312;0076240
120;020000;039750;0079500;038445;0076890
120;020100;039898;0080195;038576;0077540
120;020200;040047;0080895;038709;0078190
120;020300;040197;0081600;038842;0078850
120;020400;040346;0082305;038974;0079505
120;020500;040494;0083015;039106;0080165
120;020600;040643;0083725;039238;0080830
120;020700;040793;0084440;039371;0081500
120;020800;040942;0085160;039504;0082170
120;020900;041090;0085880;039635;0082835
120;021000;041237;0086600;039766;0083510
120;021100;041387;0087325;039899;0084185
120;021200;041536;0088055;040032;0084870
120;021300;041684;0088785;040163;0085545
120;021400;041833;0089525;040296;0086235
120;021500;041982;0090260;040429;0086920
120;021600;042130;0091000;040560;0087610
120;021700;042279;0091745;040693;0088305
120;021800;042429;0092495;040826;0089000
120;021900;042578;0093245;040958;0089700
120;022000;042726;0093995;041090;0090400
120;022100;042873;0094750;041221;0091100
120;022200;043023;0095510;041354;0091805
120;022300;043172;0096275;041486;0092515
120;022400;043320;0097035;041618;0093225
120;022500;043469;0097805;041750;0093940
120;022600;043619;0098580;041883;0094655
120;022700;043768;0099355;042016;0095375
120;022800;043916;0100130;042147;0096095
120;022900;044065;0100910;042280;0096820
120;023000;044214;0101690;042413;0097550
120;023100;044362;0102475;042544;0098275
120;023200;044510;0103265;042675;0099005
120;023300;044659;0104055;042808;0099745
120;023400;044808;0104850;042941;0100480
120;023500;044956;0105645;043072;0101220
120;023600;045105;0106450;043205;0101965
120;023700;045255;0107255;043338;0102710
120;023800;045404;0108060;043470;0103460
120;023900;045552;0108870;043602;0104210
120;024000;045701;0109680;043734;0104960
120;024100;045851;0110500;043867;0105720
120;024200;046000;0111320;044000;0106480
120;024300;046138;0112115;044113;0107195
120;024400;046279;0112920;044230;0107920
120;024500;046420;0113730;044346;0108650
120;024600;046561;0114540;044462;0109375
120;024700;046700;0115350;044577;0110105
120;024800;046842;0116170;044693;0110840
120;024900;046983;0116990;044809;0111575
120;025000;047122;0117805;044924;0112310
120;025100;047263;0118630;045040;0113050
120;025200;047404;0119460;045156;0113795
120;025300;047545;0120290;045273;0114540
120;025400;047683;0121115;045386;0115280
120;025500;047824;0121950;045502;0116030
120;025600;047965;0122790;045618;0116780
120;025700;048106;0123630;045735;0117540
120;025800;048246;0124475;045849;0118290
120;025900;048387;0125320;045966;0119050
120;026000;048528;0126175;046082;0119815
120;026100;048669;0127025;046198;0120575
120;026200;048808;0127875;046313;0121340
120;026300;048950;0128740;046429;0122110
120;026400;049091;0129600;046545;0122880
120;026500;049230;0130460;046660;0123650
120;026600;049369;0131320;046775;0124420
120;026700;049511;0132195;046891;0125200
120;026800;049652;0133065;047007;0125980
120;026900;049791;0133940;047122;0126760
120;027000;049932;0134815;047238;0127545
120;027100;050073;0135700;047354;0128330
120;027200;050214;0136580;047471;0129120
120;027300;050354;0137465;047585;0129905
120;027400;050495;0138355;047702;0130705
120;027500;050636;0139250;047818;0131500
120;027600;050775;0140140;047933;0132295
120;027700;050915;0141035;048047;0133090
120;027800;051056;0141935;048164;0133895
120;027900;051197;0142840;048280;0134700
120;028000;051338;0143745;048396;0135510
120;028100;051477;0144650;048511;0136315
120;028200;051619;0145565;048627;0137130
120;028300;051760;0146480;048743;0137945
120;028400;051899;0147395;048858;0138755
120;028500;052040;0148315;048974;0139575
120;028600;052181;0149240;049090;0140395
120;028700;052321;0150160;049205;0141220
120;028800;052460;0151085;049320;0142040
120;028900;052601;0152015;049436;0142870
120;029000;052742;0152950;049552;0143700
120;029100;052883;0153890;049669;0144535
120;029200;053023;0154825;049783;0145365
120;029300;053164;0155770;049900;0146205
120;029400;053305;0156715;050016;0147045
120;029500;053446;0157665;050132;0147890
120;029600;053585;0158610;050247;0148730
120;029700;053727;0159570;050363;0149580
120;029800;053866;0160520;050478;0150425
120;029900;054007;0161480;050594;0151275
120;030000;054146;0162440;050709;0152125
120;030100;054288;0163405;050825;0152985
120;030200;054429;0164375;050941;0153840
120;030300;054568;0165340;051056;0154700
120;030400;054709;0166315;051172;0155565
120;030500;054850;0167295;051288;0156430
120;030600;054991;0168270;051405;0157300
120;030700;055131;0169250;051519;0158165
120;030800;055272;0170240;051636;0159040
120;030900;055411;0171220;051750;0159910
120;031000;055552;0172210;051867;0160790
120;031100;055692;0173200;051981;0161660
120;031200;055833;0174200;052098;0162545
120;031300;055974;0175200;052214;0163430
120;031400;056115;0176200;052330;0164315
120;031500;056254;0177200;052445;0165200
120;031600;056396;0178210;052561;0166095
120;031700;056537;0179220;052677;0166985
120;031800;056676;0180230;052792;0167880
120;031900;056817;0181245;052908;0168775
120;032000;056957;0182260;053023;0169675
120;032100;057098;0183285;053139;0170575
120;032200;057237;0184305;053254;0171480
120;032300;057378;0185330;053370;0172385
120;032400;057519;0186360;053486;0173295
120;032500;057660;0187395;053603;0174210
120;032600;057800;0188430;053717;0175115
120;032700;057941;0189465;053834;0176035
120;032800;058082;0190510;053950;0176955
120;032900;058223;0191555;054066;0177875
120;033000;058362;0192595;054181;0178795
120;033100;058502;0193640;054296;0179720
120;033200;058643;0194695;054412;0180650
120;033300;058784;0195750;054528;0181580
120;033400;058923;0196805;054643;0182510
120;033500;059065;0197870;054759;0183445
120;033600;059206;0198930;054875;0184380
120;033700;059345;0199995;054990;0185315
120;033800;059486;0201065;055106;0186260
120;033900;059627;0202135;055222;0187205
120;034000;059768;0203210;055339;0188155
120;034100;059908;0204285;055453;0189095
120;034200;060047;0205360;055568;0190045
120;034300;060188;0206445;055684;0190995
120;034400;060329;0207530;055801;0191955
120;034500;060469;0208620;055915;0192905
120;034600;060610;0209710;056032;0193870
120;034700;060751;0210805;056148;0194835
120;034800;060892;0211905;056264;0195800
120;034900;061031;0213000;056379;0196765
120;035000;061173;0214105;056495;0197735
120;035100;061314;0215210;056611;0198705
120;035200;061453;0216315;056726;0199675
120;035300;061592;0217420;056841;0200650
120;035400;061734;0218540;056957;0201630
120;035500;061875;0219655;057073;0202610
120;035600;062014;0220770;057188;0203590
120;035700;062155;0221895;057304;0204575
120;035800;062296;0223020;057420;0205565
120;035900;062437;0224150;057537;0206560
120;036000;062577;0225275;057651;0207545
120;036100;062718;0226410;057768;0208540
120;036200;062859;0227550;057884;0209540
120;036300;063000;0228690;058000;0210540
120;036400;063113;0229730;058081;0211415
120;036500;063230;0230790;058164;0212300
120;036600;063346;0231845;058247;0213185
120;036700;063462;0232905;058330;0214070
120;036800;063577;0233965;058412;0214955
120;036900;063693;0235025;058495;0215845
120;037000;063809;0236095;058578;0216740
120;037100;063924;0237160;058660;0217630
120;037200;064040;0238230;058743;0218525
120;037300;064156;0239300;058826;0219420
120;037400;064273;0240380;058909;0220320
120;037500;064386;0241450;058990;0221215
120;037600;064502;0242530;059073;0222115
120;037700;064618;0243610;059156;0223020
120;037800;064735;0244700;059239;0223925
120;037900;064849;0245780;059321;0224825
120;038000;064966;0246870;059404;0225735
120;038100;065082;0247960;059487;0226645
120;038200;065198;0249055;059570;0227555
120;038300;065313;0250150;059652;0228465
120;038400;065429;0251245;059735;0229380
120;038500;065545;0252350;059818;0230300
120;038600;065660;0253450;059900;0231215
120;038700;065775;0254550;059982;0232130
120;038800;065891;0255655;060065;0233050
120;038900;066007;0256765;060148;0233975
120;039000;066122;0257875;060230;0234895
120;039100;066238;0258990;060313;0235825
120;039200;066354;0260110;060396;0236750
120;039300;066471;0261230;060479;0237680
120;039400;066585;0262345;060561;0238610
120;039500;066702;0263475;060644;0239545
120;039600;066818;0264600;060727;0240480
120;039700;066933;0265725;060809;0241410
120;039800;067047;0266845;060891;0242345
120;039900;067164;0267985;060974;0243285
120;040000;067280;0269120;061057;0244230
120;040100;067396;0270260;061140;0245170
120;040200;067511;0271395;061222;0246110
120;040300;067627;0272535;061305;0247060
120;040400;067743;0273680;061388;0248010
120;040500;067858;0274825;061470;0248955
120;040600;067974;0275975;061553;0249905
120;040700;068090;0277125;061636;0250860
120;040800;068205;0278275;061718;0251810
120;040900;068320;0279430;061800;0252760
120;041000;068436;0280590;061883;0253720
120;041100;068552;0281750;061966;0254680
120;041200;068669;0282915;062049;0255640
120;041300;068783;0284075;062131;0256600
120;041400;068900;0285245;062214;0257565
120;041500;069016;0286415;062297;0258535
120;041600;069132;0287590;062380;0259500
120;041700;069247;0288760;062462;0260465
120;041800;069363;0289935;062545;0261440
120;041900;069478;0291115;062627;0262405
120;042000;069594;0292295;062710;0263380
120;042100;069709;0293475;062792;0264355
120;042200;069825;0294660;062875;0265335
120;042300;069941;0295850;062958;0266310
120;042400;070056;0297035;063040;0267290
120;042500;070172;0298230;063123;0268275
120;042600;070288;0299425;063206;0269260
120;042700;070405;0300630;063289;0270245
120;042800;070519;0301820;063371;0271230
120;042900;070636;0303030;063454;0272220
120;043000;070750;0304225;063536;0273205
120;043100;070867;0305435;063619;0274200
120;043200;070981;0306640;063701;0275190
120;043300;071098;0307855;063784;0276185
120;043400;071214;0309070;063867;0277185
120;043500;071330;0310285;063950;0278185
120;043600;071445;0311500;064032;0279180
120;043700;071561;0312720;064115;0280185
120;043800;071677;0313945;064198;0281185
120;043900;071792;0315165;064280;0282190
120;044000;071908;0316395;064363;0283195
120;044100;072023;0317620;064445;0284200
120;044200;072139;0318855;064528;0285215
120;044300;072254;0320085;064610;0286220
120;044400;072370;0321325;064693;0287235
120;044500;072486;0322565;064776;0288255
120;044600;072603;0323810;064859;0289270
120;044700;072717;0325045;064941;0290285
120;044800;072834;0326295;065024;0291310
120;044900;072950;0327545;065107;0292330
120;045000;073066;0328795;065190;0293355
120;045100;073181;0330045;065272;0294375
120;045200;073296;0331300;065354;0295400
120;045300;073412;0332555;065437;0296430
120;045400;073528;0333815;065520;0297460
120;045500;073643;0335075;065602;0298490
120;045600;073759;0336340;065685;0299525
120;045700;073875;0337610;065768;0300560
120;045800;073990;0338875;065850;0301595
120;045900;074106;0340145;065933;0302630
120;046000;074222;0341420;066016;0303675
120;046100;074339;0342705;066099;0304715
120;046200;074453;0343975;066181;0305755
120;046300;074568;0345250;066263;0306800
120;046400;074684;0346535;066346;0307845
120;046500;074801;0347825;066429;0308895
120;046600;074915;0349105;066511;0309940
120;046700;075032;0350400;066594;0310995
120;046800;075148;0351695;066677;0312050
120;046900;075264;0352990;066760;0313105
120;047000;075379;0354280;066842;0314155
120;047100;075495;0355580;066925;0315215
120;047200;075611;0356885;067008;0316280
120;047300;075726;0358185;067090;0317335
120;047400;075841;0359485;067172;0318395
120;047500;075957;0360795;067255;0319460
120;047600;076073;0362105;067338;0320530
120;047700;076188;0363415;067420;0321595
120;047800;076304;0364735;067503;0322665
120;047900;076420;0366050;067586;0323735
120;048000;076537;0367380;067669;0324810
120;048100;076651;0368690;067751;0325880
120;048200;076768;0370020;067834;0326960
120;048300;076884;0371350;067917;0328040
120;048400;077000;0372680;068000;0329120
120;048500;077105;0373960;068057;0330075
120;048600;077213;0375255;068115;0331040
120;048700;077321;0376555;068173;0332005
120;048800;077429;0377855;068231;0332965
120;048900;077536;0379150;068288;0333930
120;049000;077644;0380455;068347;0334900
120;049100;077751;0381755;068405;0335870
120;049200;077858;0383060;068462;0336835
120;049300;077966;0384370;068520;0337805
120;049400;078074;0385685;068578;0338775
120;049500;078182;0387000;068636;0339750
120;049600;078287;0388305;068693;0340715
120;049700;078395;0389625;068751;0341690
120;049800;078503;0390945;068809;0342670
120;049900;078611;0392270;068867;0343645
120;050000;078717;0393585;068925;0344625
120;050100;078825;0394915;068983;0345605
120;050200;078933;0396245;069041;0346585
120;050300;079041;0397575;069099;0347570
120;050400;079148;0398905;069156;0348545
120;050500;079256;0400245;069215;0349535
120;050600;079363;0401575;069273;0350520
120;050700;079470;0402915;069330;0351505
120;050800;079577;0404250;069387;0352485
120;050900;079685;0405595;069446;0353480
120;051000;079792;0406940;069504;0354470
120;051100;079899;0408285;069561;0355455
120;051200;080007;0409635;069619;0356450
120;051300;080115;0410990;069677;0357445
120;051400;080223;0412345;069735;0358440
120;051500;080329;0413695;069793;0359435
120;051600;080437;0415055;069851;0360430
120;051700;080545;0416420;069909;0361430
120;051800;080652;0417775;069966;0362425
120;051900;080758;0419135;070024;0363425
120;052000;080866;0420505;070082;0364425
120;052100;080974;0421875;070140;0365430
120;052200;081082;0423250;070198;0366435
120;052300;081189;0424620;070255;0367435
120;052400;081297;0425995;070314;0368445
120;052500;081404;0427370;070372;0369455
120;052600;081511;0428750;070429;0370455
120;052700;081619;0430130;070487;0371465
120;052800;081727;0431520;070545;0372480
120;052900;081833;0432895;070603;0373490
120;053000;081940;0434280;070660;0374500
120;053100;082048;0435675;070718;0375515
120;053200;082156;0437070;070776;0376530
120;053300;082264;0438465;070834;0377545
120;053400;082370;0439855;070892;0378565
120;053500;082478;0441255;070950;0379585
120;053600;082586;0442660;071008;0380605
120;053700;082694;0444065;071066;0381625
120;053800;082801;0445470;071123;0382640
120;053900;082909;0446880;071182;0383670
120;054000;083015;0448280;071239;0384690
120;054100;083123;0449695;071297;0385715
120;054200;083230;0451105;071354;0386740
120;054300;083338;0452525;071413;0387775
120;054400;083445;0453940;071471;0388800
120;054500;083552;0455360;071528;0389830
120;054600;083660;0456785;071586;0390860
120;054700;083768;0458210;071644;0391895
120;054800;083876;0459640;071702;0392925
120;054900;083982;0461060;071760;0393960
120;055000;084090;0462495;071818;0395000
120;055100;084197;0463925;071875;0396030
120;055200;084305;0465365;071933;0397070
120;055300;084411;0466795;071991;0398110
120;055400;084519;0468235;072049;0399150
120;055500;084627;0469680;072107;0400195
120;055600;084735;0471125;072165;0401235
120;055700;084842;0472570;072222;0402275
120;055800;084950;0474020;072281;0403330
120;055900;085057;0475470;072339;0404375
120;056000;085164;0476920;072396;0405420
120;056100;085272;0478375;072454;0406465
120;056200;085379;0479830;072512;0407515
120;056300;085486;0481285;072570;0408570
120;056400;085593;0482745;072627;0409615
120;056500;085701;0484210;072685;0410670
120;056600;085809;0485680;072743;0411725
120;056700;085917;0487150;072801;0412780
120;056800;086023;0488610;072859;0413840
120;056900;086131;0490085;072917;0414900
120;057000;086239;0491560;072975;0415960
120;057100;086347;0493040;073033;0417020
120;057200;086454;0494515;073090;0418075
120;057300;086560;0495990;073148;0419140
120;057400;086668;0497475;073206;0420200
120;057500;086776;0498960;073264;0421270
120;057600;086883;0500445;073321;0422330
120;057700;086991;0501940;073380;0423405
120;057800;087098;0503425;073438;0424470
120;057900;087205;0504915;073495;0425535
120;058000;087313;0506415;073553;0426605
120;058100;087421;0507915;073611;0427680
120;058200;087529;0509420;073669;0428755
120;058300;087635;0510910;073727;0429830
120;058400;087742;0512415;073784;0430900
120;058500;087850;0513925;073842;0431975
120;058600;087958;0515435;073900;0433055
120;058700;088064;0516935;073958;0434135
120;058800;088172;0518450;074016;0435215
120;058900;088280;0519970;074074;0436295
120;059000;088388;0521490;074132;0437380
120;059100;088495;0523005;074189;0438455
120;059200;088603;0524530;074248;0439550
120;059300;088710;0526050;074306;0440635
120;059400;088817;0527575;074363;0441715
120;059500;088924;0529100;074420;0442800
120;059600;089032;0530630;074479;0443895
120;059700;089139;0532160;074537;0444985
120;059800;089246;0533690;074594;0446070
120;059900;089354;0535230;074652;0447165
120;060000;089462;0536770;074710;0448260
120;060100;089570;0538315;074768;0449355
120;060200;089676;0539850;074826;0450455
120;060300;089784;0541400;074884;0451550
120;060400;089892;0542950;074942;0452650
120;060500;090000;0544500;075000;0453750
120;060600;090122;0546140;075041;0454750
120;060700;090246;0547795;075082;0455750
120;060800;090371;0549455;075124;0456755
120;060900;090495;0551115;075165;0457755
120;061000;090618;0552770;075206;0458755
120;061100;090743;0554440;075248;0459765
120;061200;090867;0556105;075289;0460770
120;061300;090990;0557770;075330;0461775
120;061400;091115;0559445;075372;0462785
120;061500;091239;0561120;075413;0463790
120;061600;091364;0562800;075455;0464805
120;061700;091485;0564460;075495;0465805
120;061800;091610;0566150;075537;0466820
120;061900;091734;0567835;075578;0467830
120;062000;091859;0569525;075620;0468845
120;062100;091982;0571210;075661;0469855
120;062200;092106;0572900;075702;0470865
120;062300;092231;0574600;075744;0471885
120;062400;092355;0576295;075785;0472900
120;062500;092478;0577990;075826;0473915
120;062600;092603;0579695;075868;0474935
120;062700;092727;0581400;075909;0475950
120;062800;092850;0583100;075950;0476965
120;062900;092973;0584800;075991;0477985
120;063000;093098;0586515;076033;0479010
120;063100;093222;0588230;076074;0480025
120;063200;093345;0589940;076115;0481045
120;063300;093470;0591665;076157;0482075
120;063400;093594;0593385;076198;0483095
120;063500;093719;0595115;076240;0484125
120;063600;093842;0596835;076281;0485145
120;063700;093966;0598565;076322;0486170
120;063800;094091;0600300;076364;0487200
120;063900;094214;0602025;076405;0488230
120;064000;094337;0603755;076446;0489255
120;064100;094461;0605495;076487;0490280
120;064200;094586;0607240;076529;0491315
120;064300;094710;0608985;076570;0492345
120;064400;094833;0610725;076611;0493375
120;064500;094958;0612480;076653;0494410
120;064600;095082;0614230;076694;0495445
120;064700;095205;0615975;076735;0496475
120;064800;095330;0617740;076777;0497515
120;064900;095454;0619495;076818;0498550
120;065000;095577;0621250;076859;0499585
120;065100;095700;0623005;076900;0500620
120;065200;095825;0624780;076942;0501660
120;065300;095949;0626545;076983;0502700
120;065400;096074;0628325;077025;0503745
120;065500;096197;0630090;077066;0504780
120;065600;096321;0631865;077107;0505820
120;065700;096446;0633650;077149;0506870
120;065800;096570;0635430;077190;0507910
120;065900;096693;0637205;077231;0508950
120;066000;096818;0639000;077273;0510000
120;066100;096941;0640780;077314;0511045
120;066200;097065;0642570;077355;0512090
120;066300;097188;0644355;077396;0513135
120;066400;097313;0646160;077438;0514190
120;066500;097437;0647955;077479;0515235
120;066600;097560;0649750;077520;0516285
120;066700;097685;0651560;077562;0517340
120;066800;097809;0653365;077603;0518390
120;066900;097934;0655180;077645;0519445
120;067000;098057;0656980;077686;0520495
120;067100;098181;0658795;077727;0521550
120;067200;098304;0660605;077768;0522600
120;067300;098429;0662425;077810;0523660
120;067400;098552;0664240;077851;0524715
120;067500;098676;0666065;077892;0525770
120;067600;098801;0667895;077934;0526835
120;067700;098925;0669720;077975;0527890
120;067800;099048;0671545;078016;0528950
120;067900;099173;0673385;078058;0530015
120;068000;099297;0675220;078099;0531075
120;068100;099420;0677050;078140;0532135
120;068200;099545;0678895;078182;0533200
120;068300;099668;0680730;078223;0534265
120;068400;099792;0682575;078264;0535325
120;068500;099915;0684420;078305;0536390
120;068600;100040;0686275;078347;0537460
120;068700;100164;0688125;078388;0538525
120;068800;100289;0689990;078430;0539600
120;068900;100412;0691840;078471;0540665
120;069000;100536;0693700;078512;0541735
120;069100;100661;0695570;078554;0542810
120;069200;100785;0697430;078595;0543875
120;069300;100908;0699290;078636;0544945
120;069400;101031;0701155;078677;0546020
120;069500;101156;0703035;078719;0547095
120;069600;101280;0704910;078760;0548170
120;069700;101403;0706780;078801;0549245
120;069800;101528;0708665;078843;0550325
120;069900;101652;0710545;078884;0551400
120;070000;101775;0712425;078925;0552475
120;070100;101900;0714320;078967;0553560
120;070200;102024;0716210;079008;0554635
120;070300;102149;0718105;079050;0555720
120;070400;102272;0719995;079091;0556800
120;070500;102395;0721885;079132;0557880
120;070600;102519;0723785;079173;0558960
120;070700;102644;0725695;079215;0560050
120;070800;102767;0727590;079256;0561130
120;070900;102891;0729495;079297;0562215
120;071000;103016;0731415;079339;0563305
120;071100;103140;0733325;079380;0564390
120;071200;103263;0735235;079421;0565480
120;071300;103388;0737155;079463;0566570
120;071400;103512;0739075;079504;0567660
120;071500;103635;0740990;079545;0568745
120;071600;103758;0742905;079586;0569835
120;071700;103883;0744840;079628;0570935
120;071800;104007;0746770;079669;0572025
120;071900;104130;0748695;079710;0573115
120;072000;104255;0750635;079752;0574215
120;072100;104379;0752575;079793;0575310
120;072200;104504;0754520;079835;0576410
120;072300;104627;0756455;079876;0577505
120;072400;104751;0758395;079917;0578600
120;072500;104876;0760350;079959;0579705
120;072600;105000;0762300;080000;0580800
120;072700;105105;0764115;080032;0581835
120;072800;105213;0765950;080066;0582880
120;072900;105321;0767790;080099;0583920
120;073000;105429;0769630;080132;0584965
120;073100;105536;0771470;080165;0586005
120;073200;105644;0773315;080198;0587050
120;073300;105751;0775155;080231;0588095
120;073400;105858;0777000;080264;0589140
120;073500;105966;0778850;080297;0590185
120;073600;106074;0780705;080330;0591230
120;073700;106182;0782560;080364;0592285
120;073800;106287;0784400;080396;0593320
120;073900;106395;0786260;080429;0594370
120;074000;106503;0788120;080462;0595420
120;074100;106611;0789990;080496;0596475
120;074200;106717;0791840;080528;0597520
120;074300;106825;0793710;080562;0598575
120;074400;106933;0795580;080595;0599625
120;074500;107041;0797455;080628;0600680
120;074600;107148;0799325;080661;0601730
120;074700;107256;0801200;080694;0602785
120;074800;107363;0803075;080727;0603840
120;074900;107470;0804950;080760;0604890
120;075000;107577;0806830;080793;0605950
120;075100;107685;0808715;080826;0607005
120;075200;107792;0810595;080859;0608060
120;075300;107899;0812480;080892;0609115
120;075400;108007;0814375;080925;0610175
120;075500;108115;0816270;080958;0611235
120;075600;108223;0818165;080992;0612300
120;075700;108329;0820050;081024;0613350
120;075800;108437;0821950;081058;0614420
120;075900;108545;0823855;081091;0615480
120;076000;108652;0825755;081124;0616540
120;076100;108758;0827650;081156;0617595
120;076200;108866;0829560;081190;0618670
120;076300;108974;0831470;081223;0619730
120;076400;109082;0833385;081256;0620795
120;076500;109189;0835295;081289;0621860
120;076600;109297;0837215;081322;0622925
120;076700;109404;0839130;081355;0623995
120;076800;109511;0841045;081388;0625060
120;076900;109619;0842970;081421;0626125
120;077000;109727;0844900;081454;0627195
120;077100;109833;0846810;081487;0628265
120;077200;109940;0848735;081520;0629335
120;077300;110048;0850670;081553;0630405
120;077400;110156;0852605;081586;0631475
120;077500;110264;0854545;081620;0632555
120;077600;110370;0856470;081652;0633620
120;077700;110478;0858415;081686;0634700
120;077800;110586;0860360;081719;0635775
120;077900;110694;0862305;081752;0636850
120;078000;110801;0864250;081785;0637925
120;078100;110909;0866200;081818;0639000
120;078200;111015;0868135;081851;0640075
120;078300;111123;0870095;081884;0641150
120;078400;111230;0872045;081917;0642230
120;078500;111338;0874005;081950;0643310
120;078600;111445;0875960;081983;0644385
120;078700;111552;0877915;082016;0645465
120;078800;111660;0879880;082049;0646545
120;078900;111768;0881850;082082;0647625
120;079000;111876;0883820;082116;0648715
120;079100;111982;0885780;082148;0649790
120;079200;112090;0887755;082182;0650880
120;079300;112197;0889720;082214;0651955
120;079400;112305;0891700;082248;0653050
120;079500;112411;0893665;082280;0654125
120;079600;112519;0895650;082314;0655220
120;079700;112627;0897635;082347;0656305
120;079800;112735;0899625;082380;0657390
120;079900;112842;0901610;082413;0658480
120;080000;112950;0903600;082446;0659570
120;080100;113057;0905585;082479;0660655
120;080200;113164;0907575;082512;0661745
120;080300;113272;0909575;082545;0662835
120;080400;113379;0911565;082578;0663925
120;080500;113486;0913560;082611;0665020
120;080600;113593;0915560;082644;0666110
120;080700;113701;0917565;082677;0667205
120;080800;113809;0919575;082710;0668295
120;080900;113917;0921590;082744;0669400
120;081000;114023;0923585;082776;0670485
120;081100;114131;0925600;082810;0671590
120;081200;114239;0927620;082843;0672685
120;081300;114347;0929640;082876;0673780
120;081400;114454;0931655;082909;0674880
120;081500;114560;0933665;082942;0675975
120;081600;114668;0935690;082975;0677075
120;081700;114776;0937720;083008;0678175
120;081800;114883;0939745;083041;0679275
120;081900;114991;0941775;083074;0680375
120;082000;115098;0943805;083107;0681475
120;082100;115205;0945835;083140;0682580
120;082200;115313;0947875;083173;0683680
120;082300;115421;0949915;083206;0684785
120;082400;115529;0951960;083240;0685900
120;082500;115635;0953990;083272;0686995
120;082600;115742;0956030;083305;0688100
120;082700;115850;0958080;083338;0689205
120;082800;115958;0960130;083372;0690320
120;082900;116064;0962170;083404;0691420
120;083000;116172;0964230;083438;0692535
120;083100;116280;0966285;083471;0693645
120;083200;116388;0968350;083504;0694755
120;083300;116495;0970405;083537;0695865
120;083400;116603;0972470;083570;0696975
120;083500;116710;0974530;083603;0698085
120;083600;116817;0976590;083636;0699195
120;083700;116924;0978655;083669;0700310
120;083800;117032;0980730;083702;0701425
120;083900;117139;0982795;083735;0702535
120;084000;117246;0984865;083768;0703650
120;084100;117354;0986945;083801;0704765
120;084200;117462;0989030;083834;0705880
120;084300;117570;0991115;083868;0707005
120;084400;117676;0993185;083900;0708115
120;084500;117784;0995275;083934;0709240
120;084600;117892;0997365;083967;0710360
120;084700;118000;0999460;084000;0711480
120;084800;118097;1001465;084032;0712590
120;084900;118197;1003495;084066;0713720
120;085000;118296;1005515;084099;0714840
120;085100;118396;1007550;084132;0715965
120;085200;118494;1009570;084165;0717085
120;085300;118594;1011605;084198;0718210
120;085400;118694;1013645;084231;0719335
120;085500;118792;1015670;084264;0720455
120;085600;118892;1017715;084297;0721580
120;085700;118991;1019755;084330;0722710
120;085800;119091;1021800;084364;0723845
120;085900;119188;1023825;084396;0724960
120;086000;119288;1025875;084429;0726090
120;086100;119387;1027920;084462;0727220
120;086200;119487;1029980;084496;0728355
120;086300;119585;1032020;084528;0729475
120;086400;119685;1034080;084562;0730615
120;086500;119784;1036130;084595;0731745
120;086600;119884;1038195;084628;0732880
120;086700;119982;1040245;084661;0734010
120;086800;120082;1042310;084694;0735145
120;086900;120182;1044380;084727;0736280
120;087000;120280;1046435;084760;0737410
120;087100;120378;1048490;084793;0738545
120;087200;120478;1050570;084826;0739685
120;087300;120578;1052645;084859;0740820
120;087400;120676;1054710;084892;0741955
120;087500;120776;1056790;084925;0743095
120;087600;120875;1058865;084958;0744230
120;087700;120975;1060950;084992;0745380
120;087800;121073;1063020;085024;0746510
120;087900;121173;1065110;085058;0747660
120;088000;121272;1067195;085091;0748800
120;088100;121371;1069280;085124;0749940
120;088200;121469;1071355;085156;0751075
120;088300;121569;1073455;085190;0752230
120;088400;121668;1075545;085223;0753370
120;088500;121768;1077645;085256;0754515
120;088600;121866;1079735;085289;0755660
120;088700;121966;1081840;085322;0756805
120;088800;122066;1083945;085355;0757950
120;088900;122164;1086040;085388;0759100
120;089000;122264;1088150;085421;0760245
120;089100;122363;1090255;085454;0761395
120;089200;122462;1092360;085487;0762545
120;089300;122560;1094460;085520;0763695
120;089400;122660;1096580;085553;0764845
120;089500;122759;1098695;085586;0765995
120;089600;122859;1100815;085620;0767155
120;089700;122957;1102925;085652;0768300
120;089800;123057;1105050;085686;0769460
120;089900;123156;1107170;085719;0770615
120;090000;123256;1109305;085752;0771770
120;090100;123354;1111420;085785;0772925
120;090200;123454;1113555;085818;0774080
120;090300;123552;1115675;085851;0775235
120;090400;123652;1117815;085884;0776390
120;090500;123750;1119940;085917;0777550
120;090600;123850;1122080;085950;0778705
120;090700;123950;1124225;085983;0779865
120;090800;124048;1126355;086016;0781025
120;090900;124148;1128505;086049;0782185
120;091000;124247;1130650;086082;0783345
120;091100;124347;1132800;086116;0784515
120;091200;124445;1134940;086148;0785670
120;091300;124545;1137095;086182;0786840
120;091400;124643;1139235;086214;0787995
120;091500;124743;1141400;086248;0789170
120;091600;124841;1143545;086280;0790325
120;091700;124941;1145710;086314;0791500
120;091800;125040;1147865;086347;0792665
120;091900;125140;1150035;086380;0793830
120;092000;125238;1152190;086413;0795000
120;092100;125338;1154365;086446;0796170
120;092200;125438;1156540;086479;0797335
120;092300;125536;1158695;086512;0798505
120;092400;125636;1160875;086545;0799675
120;092500;125734;1163040;086578;0800845
120;092600;125834;1165225;086611;0802020
120;092700;125932;1167390;086644;0803190
120;092800;126032;1169575;086677;0804365
120;092900;126131;1171755;086710;0805535
120;093000;126231;1173950;086744;0806720
120;093100;126329;1176125;086776;0807885
120;093200;126429;1178320;086810;0809070
120;093300;126528;1180505;086843;0810245
120;093400;126628;1182705;086876;0811420
120;093500;126726;1184890;086909;0812600
120;093600;126825;1187080;086942;0813775
120;093700;126924;1189280;086975;0814955
120;093800;127024;1191485;087008;0816135
120;093900;127122;1193675;087041;0817315
120;094000;127222;1195885;087074;0818495
120;094100;127322;1198100;087107;0819675
120;094200;127420;1200295;087140;0820860
120;094300;127520;1202515;087173;0822040
120;094400;127619;1204725;087206;0823225
120;094500;127719;1206945;087240;0824420
120;094600;127817;1209150;087272;0825595
120;094700;127916;1211365;087305;0826780
120;094800;128015;1213580;087338;0827965
120;094900;128115;1215810;087372;0829160
120;095000;128213;1218025;087404;0830340
120;095100;128313;1220255;087438;0831535
120;095200;128412;1222480;087471;0832725
120;095300;128512;1224720;087504;0833915
120;095400;128610;1226940;087537;0835105
120;095500;128710;1229180;087570;0836295
120;095600;128810;1231425;087603;0837485
120;095700;128908;1233650;087636;0838675
120;095800;129006;1235875;087669;0839870
120;095900;129106;1238125;087702;0841060
120;096000;129206;1240380;087735;0842255
120;096100;129304;1242610;087768;0843450
120;096200;129404;1244865;087801;0844645
120;096300;129503;1247115;087834;0845840
120;096400;129603;1249375;087868;0847050
120;096500;129701;1251615;087900;0848235
120;096600;129801;1253880;087934;0849440
120;096700;129900;1256135;087967;0850640
120;096800;130000;1258400;088000;0851840
120;096900;130024;1259935;088016;0852875
120;097000;130049;1261475;088033;0853920
120;097100;130074;1263020;088049;0854955
120;097200;130099;1264560;088066;0856000
120;097300;130124;1266105;088082;0857040
120;097400;130149;1267650;088099;0858085
120;097500;130173;1269185;088116;0859130
120;097600;130198;1270730;088132;0860170
120;097700;130223;1272280;088149;0861215
120;097800;130248;1273825;088165;0862255
120;097900;130273;1275375;088182;0863300
120;098000;130297;1276910;088198;0864340
120;098100;130322;1278460;088215;0865390
120;098200;130347;1280010;088231;0866430
120;098300;130372;1281555;088248;0867480
120;098400;130396;1283095;088264;0868520
120;098500;130421;1284645;088281;0869570
120;098600;130446;1286200;088297;0870610
120;098700;130471;1287750;088314;0871660
120;098800;130496;1289300;088330;0872700
120;098900;130521;1290855;088347;0873750
120;099000;130545;1292395;088364;0874805
120;099100;130570;1293950;088380;0875845
120;099200;130595;1295500;088396;0876890
120;099300;130620;1297055;088413;0877940
120;099400;130644;1298600;088430;0878995
120;099500;130669;1300155;088446;0880040
120;099600;130694;1301710;088463;0881090
120;099700;130719;1303270;088479;0882135
120;099800;130744;1304825;088496;0883190
120;099900;130768;1306370;088512;0884235
120;100000;130793;1307930;088529;0885290
120;100100;130818;1309490;088545;0886335
120;100200;130843;1311045;088562;0887390
120;100300;130867;1312595;088578;0888435
120;100400;130892;1314155;088595;0889495
120;100500;130917;1315715;088611;0890540
120;100600;130942;1317275;088628;0891600
120;100700;130967;1318840;088644;0892645
120;100800;130992;1320400;088661;0893705
120;100900;131016;1321950;088678;0894760
120;101000;131041;1323515;088694;0895810
120;101100;131066;1325075;088711;0896870
120;101200;131091;1326640;088727;0897915
120;101300;131115;1328195;088744;0898975
120;101400;131140;1329760;088760;0900025
120;101500;131165;1331325;088777;0901085
120;101600;131190;1332890;088793;0902135
120;101700;131215;1334455;088810;0903200
120;101800;131239;1336015;088826;0904250
120;101900;131264;1337580;088843;0905310
120;102000;131289;1339150;088859;0906360
120;102100;131314;1340715;088876;0907425
120;102200;131339;1342285;088892;0908475
120;102300;131364;1343855;088909;0909540
120;102400;131388;1345415;088925;0910590
120;102500;131413;1346985;088942;0911655
120;102600;131438;1348555;088958;0912710
120;102700;131463;1350125;088975;0913775
120;102800;131487;1351685;088992;0914840
120;102900;131512;1353260;089008;0915890
120;103000;131537;1354830;089025;0916960
120;103100;131562;1356405;089041;0918015
120;103200;131587;1357980;089058;0919080
120;103300;131611;1359540;089074;0920135
120;103400;131636;1361115;089091;0921200
120;103500;131661;1362690;089107;0922255
120;103600;131686;1364265;089124;0923325
120;103700;131710;1365835;089140;0924380
120;103800;131735;1367410;089157;0925450
120;103900;131760;1368985;089173;0926505
120;104000;131785;1370565;089190;0927575
120;104100;131810;1372140;089206;0928635
120;104200;131835;1373720;089223;0929705
120;104300;131859;1375290;089240;0930775
120;104400;131884;1376870;089256;0931835
120;104500;131909;1378450;089273;0932905
120;104600;131934;1380030;089289;0933965
120;104700;131958;1381600;089306;0935035
120;104800;131983;1383180;089322;0936095
120;104900;132008;1384765;089339;0937165
120;105000;132033;1386345;089355;0938230
120;105100;132058;1387930;089372;0939300
120;105200;132082;1389505;089388;0940360
120;105300;132107;1391085;089405;0941435
120;105400;132132;1392670;089421;0942495
120;105500;132157;1394255;089438;0943570
120;105600;132182;1395840;089454;0944635
120;105700;132206;1397415;089471;0945710
120;105800;132231;1399005;089487;0946770
120;105900;132256;1400590;089504;0947845
120;106000;132281;1402180;089520;0948910
120;106100;132306;1403765;089537;0949990
120;106200;132330;1405345;089554;0951065
120;106300;132355;1406935;089570;0952130
120;106400;132380;1408525;089587;0953205
120;106500;132405;1410115;089603;0954270
120;106600;132430;1411705;089620;0955350
120;106700;132454;1413285;089636;0956415
120;106800;132479;1414875;089653;0957495
120;106900;132504;1416470;089669;0958560
120;107000;132529;1418060;089686;0959640
120;107100;132553;1419645;089702;0960710
120;107200;132578;1421235;089719;0961790
120;107300;132603;1422830;089735;0962855
120;107400;132628;1424425;089752;0963935
120;107500;132653;1426020;089768;0965005
120;107600;132678;1427615;089785;0966085
120;107700;132702;1429200;089802;0967170
120;107800;132727;1430795;089818;0968240
120;107900;132752;1432395;089834;0969310
120;108000;132777;1433990;089851;0970390
120;108100;132801;1435580;089868;0971475
120;108200;132826;1437175;089884;0972545
120;108300;132851;1438775;089901;0973630
120;108400;132876;1440375;089917;0974700
120;108500;132901;1441975;089934;0975785
120;108600;132925;1443565;089950;0976855
120;108700;132950;1445165;089967;0977940
120;108800;132975;1446770;089983;0979015
120;108900;133000;1448370;090000;0980100
120;109000;133016;1449875;090008;0981085
120;109100;133033;1451390;090016;0982075
120;109200;133049;1452895;090025;0983075
120;109300;133066;1454410;090033;0984060
120;109400;133082;1455915;090041;0985050
120;109500;133099;1457435;090050;0986050
120;109600;133116;1458950;090058;0987035
120;109700;133132;1460460;090066;0988025
120;109800;133149;1461975;090074;0989015
120;109900;133165;1463485;090083;0990010
120;110000;133182;1465000;090091;0991000
120;110100;133198;1466510;090099;0991990
120;110200;133215;1468030;090107;0992980
120;110300;133231;1469540;090116;0993980
120;110400;133248;1471060;090124;0994970
120;110500;133264;1472565;090132;0995960
120;110600;133281;1474090;090140;0996950
120;110700;133297;1475600;090149;0997950
120;110800;133314;1477120;090157;0998940
120;110900;133330;1478630;090165;0999930
120;111000;133347;1480150;090174;1000930
120;111100;133364;1481675;090182;1001920
120;111200;133380;1483185;090190;1002915
120;111300;133396;1484695;090198;1003905
120;111400;133413;1486220;090207;1004905
120;111500;133430;1487745;090215;1005895
120;111600;133446;1489255;090223;1006890
120;111700;133463;1490780;090231;1007880
120;111800;133479;1492295;090240;1008885
120;111900;133496;1493820;090248;1009875
120;112000;133512;1495335;090256;1010865
120;112100;133529;1496860;090264;1011860
120;112200;133545;1498375;090273;1012865
120;112300;133562;1499900;090281;1013855
120;112400;133578;1501415;090289;1014850
120;112500;133595;1502945;090297;1015840
120;112600;133611;1504460;090306;1016845
120;112700;133628;1505990;090314;1017840
120;112800;133644;1507505;090322;1018830
120;112900;133661;1509035;090331;1019835
120;113000;133678;1510560;090339;1020830
120;113100;133694;1512080;090347;1021825
120;113200;133711;1513610;090355;1022820
120;113300;133727;1515125;090364;1023825
120;113400;133744;1516655;090372;1024820
120;113500;133760;1518175;090380;1025815
120;113600;133777;1519705;090388;1026810
120;113700;133793;1521225;090397;1027815
120;113800;133810;1522760;090405;1028810
120;113900;133826;1524280;090413;1029805
120;114000;133843;1525810;090421;1030800
120;114100;133859;1527330;090430;1031805
120;114200;133876;1528865;090438;1032800
120;114300;133892;1530385;090446;1033800
120;114400;133909;1531920;090455;1034805
120;114500;133925;1533440;090463;1035800
120;114600;133942;1534975;090471;1036800
120;114700;133958;1536500;090479;1037795
120;114800;133975;1538035;090488;1038800
120;114900;133992;1539570;090496;1039800
120;115000;134008;1541090;090504;1040795
120;115100;134025;1542630;090512;1041795
120;115200;134041;1544150;090521;1042800
120;115300;134058;1545690;090529;1043800
120;115400;134074;1547215;090537;1044795
120;115500;134091;1548750;090545;1045795
120;115600;134107;1550275;090554;1046805
120;115700;134124;1551815;090562;1047800
120;115800;134140;1553340;090570;1048800
120;115900;134157;1554880;090578;1049800
120;116000;134173;1556405;090587;1050810
120;116100;134190;1557945;090595;1051810
120;116200;134206;1559475;090603;1052805
120;116300;134223;1561015;090612;1053820
120;116400;134240;1562555;090620;1054815
120;116500;134256;1564080;090628;1055815
120;116600;134273;1565625;090636;1056815
120;116700;134289;1567155;090645;1057825
120;116800;134306;1568695;090653;1058825
120;116900;134322;1570225;090661;1059825
120;117000;134339;1571765;090669;1060825
120;117100;134355;1573295;090678;1061840
120;117200;134372;1574840;090686;1062840
120;117300;134388;1576370;090694;1063840
120;117400;134405;1577915;090702;1064840
120;117500;134421;1579445;090711;1065855
120;117600;134438;1580990;090719;1066855
120;117700;134454;1582525;090727;1067855
120;117800;134471;1584070;090735;1068860
120;117900;134487;1585600;090744;1069870
120;118000;134504;1587145;090752;1070875
120;118100;134520;1588680;090760;1071875
120;118200;134537;1590225;090769;1072890
120;118300;134554;1591775;090777;1073890
120;118400;134570;1593310;090785;1074895
120;118500;134587;1594855;090793;1075895
120;118600;134603;1596390;090802;1076910
120;118700;134620;1597940;090810;1077915
120;118800;134636;1599475;090818;1078920
120;118900;134653;1601025;090826;1079920
120;119000;134669;1602560;090835;1080935
120;119100;134686;1604110;090843;1081940
120;119200;134702;1605650;090851;1082945
120;119300;134719;1607200;090859;1083950
120;119400;134735;1608735;090868;1084965
120;119500;134752;1610285;090876;1085970
120;119600;134768;1611825;090884;1086975
120;119700;134785;1613375;090893;1087990
120;119800;134802;1614930;090901;1088995
120;119900;134818;1616470;090909;1090000
120;120000;134834;1618010;090917;1091005
120;120100;134851;1619560;090926;1092020
120;120200;134868;1621115;090934;1093025
120;120300;134884;1622655;090942;1094030
120;120400;134901;1624210;090950;1095040
120;120500;134917;1625750;090959;1096055
120;120600;134934;1627305;090967;1097060
120;120700;134950;1628845;090975;1098070
120;120800;134967;1630400;090983;1099075
120;120900;134983;1631945;090992;1100095
120;121000;135000;1633500;091000;1101100
120;121100;135004;1634900;091008;1102105
120;121200;135008;1636295;091016;1103115
120;121300;135012;1637695;091025;1104135
120;121400;135017;1639105;091033;1105140
120;121500;135021;1640505;091041;1106150
120;121600;135025;1641905;091050;1107170
120;121700;135029;1643305;091058;1108175
120;121800;135033;1644700;091066;1109185
120;121900;135037;1646100;091074;1110190
120;122000;135041;1647500;091083;1111215
120;122100;135045;1648900;091091;1112220
120;122200;135050;1650310;091099;1113230
120;122300;135054;1651710;091107;1114240
120;122400;135058;1653110;091116;1115260
120;122500;135062;1654510;091124;1116270
120;122600;135066;1655910;091132;1117280
120;122700;135070;1657310;091140;1118290
120;122800;135074;1658710;091149;1119310
120;122900;135079;1660120;091157;1120320
120;123000;135083;1661520;091165;1121330
120;123100;135087;1662920;091174;1122350
120;123200;135091;1664320;091182;1123360
120;123300;135095;1665720;091190;1124375
120;123400;135099;1667120;091198;1125385
120;123500;135103;1668520;091207;1126405
120;123600;135107;1669925;091215;1127415
120;123700;135112;1671335;091223;1128430
120;123800;135116;1672735;091231;1129440
120;123900;135120;1674135;091240;1130465
120;124000;135124;1675540;091248;1131475
120;124100;135128;1676940;091256;1132485
120;124200;135132;1678340;091264;1133500
120;124300;135136;1679740;091273;1134525
120;124400;135140;1681140;091281;1135535
120;124500;135145;1682555;091289;1136550
120;124600;135149;1683955;091297;1137560
120;124700;135153;1685360;091306;1138585
120;124800;135157;1686760;091314;1139600
120;124900;135161;1688160;091322;1140610
120;125000;135165;1689565;091331;1141640
120;125100;135169;1690965;091339;1142650
120;125200;135174;1692380;091347;1143665
120;125300;135178;1693780;091355;1144680
120;125400;135182;1695180;091364;1145705
120;125500;135186;1696585;091372;1146720
120;125600;135190;1697985;091380;1147735
120;125700;135194;1699390;091388;1148745
120;125800;135198;1700790;091397;1149775
120;125900;135202;1702195;091405;1150790
120;126000;135207;1703610;091413;1151805
120;126100;135211;1705010;091421;1152820
120;126200;135215;1706415;091430;1153845
120;126300;135219;1707815;091438;1154860
120;126400;135223;1709220;091446;1155875
120;126500;135227;1710620;091455;1156905
120;126600;135231;1712025;091463;1157920
120;126700;135236;1713440;091471;1158940
120;126800;135240;1714845;091479;1159955
120;126900;135244;1716245;091488;1160985
120;127000;135248;1717650;091496;1162000
120;127100;135252;1719055;091504;1163015
120;127200;135256;1720455;091512;1164035
120;127300;135260;1721860;091521;1165060
120;127400;135264;1723265;091529;1166080
120;127500;135269;1724680;091537;1167095
120;127600;135273;1726085;091545;1168115
120;127700;135277;1727485;091554;1169145
120;127800;135281;1728890;091562;1170160
120;127900;135285;1730295;091570;1171180
120;128000;135289;1731700;091578;1172200
120;128100;135293;1733105;091587;1173230
120;128200;135298;1734520;091595;1174250
120;128300;135302;1735925;091603;1175265
120;128400;135306;1737330;091612;1176300
120;128500;135310;1738735;091620;1177315
120;128600;135314;1740140;091628;1178335
120;128700;135318;1741545;091636;1179355
120;128800;135322;1742945;091645;1180390
120;128900;135326;1744350;091653;1181405
120;129000;135331;1745770;091661;1182425
120;129100;135335;1747175;091669;1183445
120;129200;135339;1748580;091678;1184480
120;129300;135343;1749985;091686;1185500
120;129400;135347;1751390;091694;1186520
120;129500;135351;1752795;091702;1187540
120;129600;135355;1754200;091711;1188575
120;129700;135360;1755620;091719;1189595
120;129800;135364;1757025;091727;1190615
120;129900;135368;1758430;091735;1191640
120;130000;135372;1759835;091744;1192670
120;130100;135376;1761240;091752;1193695
120;130200;135380;1762650;091760;1194715
120;130300;135384;1764055;091769;1195750
120;130400;135388;1765460;091777;1196770
120;130500;135393;1766880;091785;1197795
120;130600;135397;1768285;091793;1198815
120;130700;135401;1769690;091802;1199850
120;130800;135405;1771095;091810;1200875
120;130900;135409;1772505;091818;1201900
120;131000;135413;1773910;091826;1202920
120;131100;135417;1775315;091835;1203955
120;131200;135421;1776725;091843;1204980
120;131300;135426;1778145;091851;1206005
120;131400;135430;1779550;091859;1207025
120;131500;135434;1780955;091868;1208065
120;131600;135438;1782365;091876;1209090
120;131700;135442;1783770;091884;1210110
120;131800;135446;1785180;091893;1211150
120;131900;135450;1786585;091901;1212175
120;132000;135455;1788005;091909;1213200
120;132100;135459;1789415;091917;1214225
120;132200;135463;1790820;091926;1215260
120;132300;135467;1792230;091934;1216285
120;132400;135471;1793635;091942;1217310
120;132500;135475;1795045;091950;1218340
120;132600;135479;1796450;091959;1219375
120;132700;135483;1797860;091967;1220400
120;132800;135488;1799280;091975;1221430
120;132900;135492;1800690;091983;1222455
120;133000;135496;1802095;091992;1223495
120;133100;135500;1803505;092000;1224520
120;133200;135504;1804915;092008;1225545
120;133300;135508;1806320;092016;1226575
120;133400;135512;1807730;092025;1227615
120;133500;135517;1809150;092033;1228640
120;133600;135521;1810560;092041;1229670
120;133700;135525;1811970;092050;1230710
120;133800;135529;1813380;092058;1231735
120;133900;135533;1814785;092066;1232765
120;134000;135537;1816195;092074;1233790
120;134100;135541;1817605;092083;1234835
120;134200;135545;1819015;092091;1235860
120;134300;135550;1820435;092099;1236890
120;134400;135554;1821845;092107;1237920
120;134500;135558;1823255;092116;1238960
120;134600;135562;1824665;092124;1239990
120;134700;135566;1826075;092132;1241020
120;134800;135570;1827485;092140;1242045
120;134900;135574;1828895;092149;1243090
120;135000;135579;1830315;092157;1244120
120;135100;135583;1831725;092165;1245150
120;135200;135587;1833135;092174;1246190
120;135300;135591;1834545;092182;1247220
120;135400;135595;1835955;092190;1248255
120;135500;135599;1837365;092198;1249285
120;135600;135603;1838775;092207;1250325
120;135700;135607;1840185;092215;1251360
120;135800;135612;1841610;092223;1252390
120;135900;135616;1843020;092231;1253420
120;136000;135620;1844430;092240;1254465
120;136100;135624;1845845;092248;1255495
120;136200;135628;1847255;092256;1256525
120;136300;135632;1848665;092264;1257560
120;136400;135636;1850075;092273;1258605
120;136500;135640;1851485;092281;1259635
120;136600;135645;1852910;092289;1260670
120;136700;135649;1854320;092297;1261700
120;136800;135653;1855735;092306;1262745
120;136900;135657;1857145;092314;1263780
120;137000;135661;1858555;092322;1264810
120;137100;135665;1859965;092331;1265860
120;137200;135669;1861380;092339;1266890
120;137300;135674;1862805;092347;1267925
120;137400;135678;1864215;092355;1268960
120;137500;135682;1865630;092364;1270005
120;137600;135686;1867040;092372;1271040
120;137700;135690;1868450;092380;1272075
120;137800;135694;1869865;092388;1273105
120;137900;135698;1871275;092397;1274155
120;138000;135702;1872690;092405;1275190
120;138100;135707;1874115;092413;1276225
120;138200;135711;1875525;092421;1277260
120;138300;135715;1876940;092430;1278305
120;138400;135719;1878350;092438;1279340
120;138500;135723;1879765;092446;1280375
120;138600;135727;1881175;092455;1281425
120;138700;135731;1882590;092463;1282460
120;138800;135736;1884015;092471;1283495
120;138900;135740;1885430;092479;1284535
120;139000;135744;1886840;092488;1285585
120;139100;135748;1888255;092496;1286620
120;139200;135752;1889670;092504;1287655
120;139300;135756;1891080;092512;1288690
120;139400;135760;1892495;092521;1289745
120;139500;135764;1893910;092529;1290780
120;139600;135769;1895335;092537;1291815
120;139700;135773;1896750;092545;1292855
120;139800;135777;1898160;092554;1293905
120;139900;135781;1899575;092562;1294940
120;140000;135785;1900990;092570;1295980
120;140100;135789;1902405;092578;1297020
120;140200;135793;1903820;092587;1298070
120;140300;135798;1905245;092595;1299110
120;140400;135802;1906660;092603;1300145
120;140500;135806;1908075;092612;1301200
120;140600;135810;1909490;092620;1302235
120;140700;135814;1910905;092628;1303275
120;140800;135818;1912315;092636;1304315
120;140900;135822;1913730;092645;1305370
120;141000;135826;1915145;092653;1306405
120;141100;135831;1916575;092661;1307445
120;141200;135835;1917990;092669;1308485
120;141300;135839;1919405;092678;1309540
120;141400;135843;1920820;092686;1310580
120;141500;135847;1922235;092694;1311620
120;141600;135851;1923650;092702;1312660
120;141700;135855;1925065;092711;1313715
120;141800;135860;1926495;092719;1314755
120;141900;135864;1927910;092727;1315795
120;142000;135868;1929325;092735;1316835
120;142100;135872;1930740;092744;1317890
120;142200;135876;1932155;092752;1318935
120;142300;135880;1933570;092760;1319975
120;142400;135884;1934990;092769;1321030
120;142500;135888;1936405;092777;1322070
120;142600;135893;1937835;092785;1323115
120;142700;135897;1939250;092793;1324155
120;142800;135901;1940665;092802;1325215
120;142900;135905;1942080;092810;1326255
120;143000;135909;1943500;092818;1327295
120;143100;135913;1944915;092826;1328340
120;143200;135917;1946330;092835;1329395
120;143300;135921;1947750;092843;1330440
120;143400;135926;1949180;092851;1331485
120;143500;135930;1950595;092859;1332525
120;143600;135934;1952010;092868;1333585
120;143700;135938;1953430;092876;1334630
120;143800;135942;1954845;092884;1335670
120;143900;135946;1956265;092893;1336730
120;144000;135950;1957680;092901;1337775
120;144100;135955;1959110;092909;1338820
120;144200;135959;1960530;092917;1339865
120;144300;135963;1961945;092926;1340920
120;144400;135967;1963365;092934;1341965
120;144500;135971;1964780;092942;1343010
120;144600;135975;1966200;092950;1344055
120;144700;135979;1967615;092959;1345115
120;144800;135983;1969035;092967;1346160
120;144900;135988;1970465;092975;1347210
120;145000;135992;1971885;092983;1348255
120;145100;135996;1973300;092992;1349315
120;145200;136000;1974720;093000;1350360
120;145300;136004;1976140;093008;1351405
120;145400;136008;1977555;093016;1352455
120;145500;136012;1978975;093025;1353515
120;145600;136017;1980410;093033;1354560
120;145700;136021;1981825;093041;1355605
120;145800;136025;1983245;093050;1356670
120;145900;136029;1984665;093058;1357715
120;146000;136033;1986080;093066;1358765
120;146100;136037;1987500;093074;1359810
120;146200;136041;1988920;093083;1360875
120;146300;136045;1990340;093091;1361920
120;146400;136050;1991770;093099;1362970
120;146500;136054;1993190;093107;1364020
120;146600;136058;1994610;093116;1365080
120;146700;136062;1996030;093124;1366130
120;146800;136066;1997450;093132;1367180
120;146900;136070;1998870;093140;1368225
120;147000;136074;2000290;093149;1369290
120;147100;136079;2001720;093157;1370340
120;147200;136083;2003140;093165;1371390
120;147300;136087;2004560;093174;1372455
120;147400;136091;2005980;093182;1373505
120;147500;136095;2007400;093190;1374555
120;147600;136099;2008820;093198;1375600
120;147700;136103;2010240;093207;1376665
120;147800;136107;2011660;093215;1377720
120;147900;136112;2013095;093223;1378770
120;148000;136116;2014515;093231;1379820
120;148100;136120;2015935;093240;1380885
120;148200;136124;2017360;093248;1381935
120;148300;136128;2018780;093256;1382985
120;148400;136132;2020200;093264;1384040
120;148500;136136;2021620;093273;1385105
120;148600;136140;2023040;093281;1386155
120;148700;136145;2024475;093289;1387205
120;148800;136149;2025895;093297;1388260
120;148900;136153;2027320;093306;1389325
120;149000;136157;2028740;093314;1390380
120;149100;136161;2030160;093322;1391430
120;149200;136165;2031580;093331;1392500
120;149300;136169;2033005;093339;1393550
120;149400;136174;2034440;093347;1394605
120;149500;136178;2035860;093355;1395655
120;149600;136182;2037285;093364;1396725
120;149700;136186;2038705;093372;1397780
120;149800;136190;2040125;093380;1398830
120;149900;136194;2041550;093388;1399885
120;150000;136198;2042970;093397;1400955
120;150100;136202;2044390;093405;1402010
120;150200;136207;2045830;093413;1403065
120;150300;136211;2047250;093421;1404120
120;150400;136215;2048675;093430;1405185
120;150500;136219;2050095;093438;1406240
120;150600;136223;2051520;093446;1407295
120;150700;136227;2052940;093455;1408365
120;150800;136231;2054365;093463;1409420
120;150900;136236;2055800;093471;1410475
120;151000;136240;2057225;093479;1411535
120;151100;136244;2058645;093488;1412605
120;151200;136248;2060070;093496;1413660
120;151300;136252;2061495;093504;1414715
120;151400;136256;2062915;093512;1415770
120;151500;136260;2064340;093521;1416845
120;151600;136264;2065760;093529;1417900
120;151700;136269;2067200;093537;1418955
120;151800;136273;2068625;093545;1420015
120;151900;136277;2070050;093554;1421085
120;152000;136281;2071470;093562;1422140
120;152100;136285;2072895;093570;1423200
120;152200;136289;2074320;093578;1424255
120;152300;136293;2075740;093587;1425330
120;152400;136298;2077180;093595;1426390
120;152500;136302;2078605;093603;1427445
120;152600;136306;2080030;093612;1428520
120;152700;136310;2081455;093620;1429575
120;152800;136314;2082880;093628;1430635
120;152900;136318;2084300;093636;1431695
120;153000;136322;2085725;093645;1432770
120;153100;136326;2087150;093653;1433825
120;153200;136331;2088590;093661;1434885
120;153300;136335;2090015;093669;1435945
120;153400;136339;2091440;093678;1437020
120;153500;136343;2092865;093686;1438080
120;153600;136347;2094290;093694;1439140
120;153700;136351;2095715;093702;1440200
120;153800;136355;2097140;093711;1441275
120;153900;136360;2098580;093719;1442335
120;154000;136364;2100005;093727;1443395
120;154100;136368;2101430;093735;1444455
120;154200;136372;2102855;093744;1445530
120;154300;136376;2104280;093752;1446595
120;154400;136380;2105705;093760;1447655
120;154500;136384;2107135;093769;1448730
120;154600;136388;2108560;093777;1449790
120;154700;136393;2110000;093785;1450855
120;154800;136397;2111425;093793;1451915
120;154900;136401;2112850;093802;1452995
120;155000;136405;2114280;093810;1454055
120;155100;136409;2115705;093818;1455115
120;155200;136413;2117130;093826;1456180
120;155300;136417;2118555;093835;1457260
120;155400;136421;2119980;093843;1458320
120;155500;136426;2121425;093851;1459385
120;155600;136430;2122850;093859;1460445
120;155700;136434;2124275;093868;1461525
120;155800;136438;2125705;093876;1462590
120;155900;136442;2127130;093884;1463650
120;156000;136446;2128560;093893;1464730
120;156100;136450;2129985;093901;1465795
120;156200;136455;2131425;093909;1466860
120;156300;136459;2132855;093917;1467925
120;156400;136463;2134280;093926;1469005
120;156500;136467;2135710;093934;1470065
120;156600;136471;2137135;093942;1471130
120;156700;136475;2138565;093950;1472195
120;156800;136479;2139990;093959;1473275
120;156900;136483;2141420;093967;1474340
120;157000;136488;2142860;093975;1475410
120;157100;136492;2144290;093983;1476475
120;157200;136496;2145715;093992;1477555
120;157300;136500;2147145;094000;1478620
120;157400;136504;2148575;094008;1479685
120;157500;136508;2150000;094016;1480750
120;157600;136512;2151430;094025;1481835
120;157700;136517;2152875;094033;1482900
120;157800;136521;2154300;094041;1483965
120;157900;136525;2155730;094050;1485050
120;158000;136529;2157160;094058;1486115
120;158100;136533;2158585;094066;1487185
120;158200;136537;2160015;094074;1488250
120;158300;136541;2161445;094083;1489335
120;158400;136545;2162875;094091;1490400
120;158500;136550;2164320;094099;1491470
120;158600;136554;2165745;094107;1492535
120;158700;136558;2167175;094116;1493620
120;158800;136562;2168605;094124;1494690
120;158900;136566;2170035;094132;1495755
120;159000;136570;2171465;094140;1496825
120;159100;136574;2172890;094149;1497910
120;159200;136579;2174340;094157;1498980
120;159300;136583;2175765;094165;1500050
120;159400;136587;2177195;094174;1501135
120;159500;136591;2178625;094182;1502205
120;159600;136595;2180055;094190;1503270
120;159700;136599;2181485;094198;1504340
120;159800;136603;2182915;094207;1505430
120;159900;136607;2184345;094215;1506500
120;160000;136612;2185790;094223;1507570
120;160100;136616;2187220;094231;1508640
120;160200;136620;2188650;094240;1509725
120;160300;136624;2190085;094248;1510795
120;160400;136628;2191515;094256;1511865
120;160500;136632;2192945;094264;1512935
120;160600;136636;2194375;094273;1514025
120;160700;136640;2195805;094281;1515095
120;160800;136645;2197250;094289;1516165
120;160900;136649;2198680;094297;1517240
120;161000;136653;2200115;094306;1518325
120;161100;136657;2201545;094314;1519400
120;161200;136661;2202975;094322;1520470
120;161300;136665;2204405;094331;1521560
120;161400;136669;2205840;094339;1522630
120;161500;136674;2207285;094347;1523705
120;161600;136678;2208715;094355;1524775
120;161700;136682;2210150;094364;1525865
120;161800;136686;2211580;094372;1526940
120;161900;136690;2213010;094380;1528010
120;162000;136694;2214445;094388;1529085
120;162100;136698;2215875;094397;1530175
120;162200;136702;2217305;094405;1531250
120;162300;136707;2218755;094413;1532325
120;162400;136711;2220185;094421;1533395
120;162500;136715;2221620;094430;1534490
120;162600;136719;2223050;094438;1535560
120;162700;136723;2224485;094446;1536635
120;162800;136727;2225915;094455;1537725
120;162900;136731;2227350;094463;1538800
120;163000;136736;2228795;094471;1539875
120;163100;136740;2230230;094479;1540950
120;163200;136744;2231660;094488;1542045
120;163300;136748;2233095;094496;1543120
120;163400;136752;2234530;094504;1544195
120;163500;136756;2235960;094512;1545270
120;163600;136760;2237395;094521;1546365
120;163700;136764;2238825;094529;1547440
120;163800;136769;2240275;094537;1548515
120;163900;136773;2241710;094545;1549595
120;164000;136777;2243145;094554;1550685
120;164100;136781;2244575;094562;1551760
120;164200;136785;2246010;094570;1552840
120;164300;136789;2247445;094578;1553915
120;164400;136793;2248875;094587;1555010
120;164500;136798;2250325;094595;1556090
120;164600;136802;2251760;094603;1557165
120;164700;136806;2253195;094612;1558260
120;164800;136810;2254630;094620;1559340
120;164900;136814;2256065;094628;1560415
120;165000;136818;2257495;094636;1561495
120;165100;136822;2258930;094645;1562590
120;165200;136826;2260365;094653;1563670
120;165300;136831;2261815;094661;1564745
120;165400;136835;2263250;094669;1565825
120;165500;136839;2264685;094678;1566920
120;165600;136843;2266120;094686;1568000
120;165700;136847;2267555;094694;1569080
120;165800;136851;2268990;094702;1570160
120;165900;136855;2270425;094711;1571255
120;166000;136860;2271875;094719;1572335
120;166100;136864;2273310;094727;1573415
120;166200;136868;2274745;094735;1574495
120;166300;136872;2276180;094744;1575595
120;166400;136876;2277615;094752;1576675
120;166500;136880;2279050;094760;1577755
120;166600;136884;2280485;094769;1578850
120;166700;136888;2281925;094777;1579935
120;166800;136893;2283375;094785;1581015
120;166900;136897;2284810;094793;1582095
120;167000;136901;2286245;094802;1583195
120;167100;136905;2287685;094810;1584275
120;167200;136909;2289120;094818;1585355
120;167300;136913;2290555;094826;1586440
120;167400;136917;2291990;094835;1587540
120;167500;136921;2293425;094843;1588620
120;167600;136926;2294880;094851;1589705
120;167700;136930;2296315;094859;1590785
120;167800;136934;2297755;094868;1591885
120;167900;136938;2299190;094876;1592970
120;168000;136942;2300625;094884;1594050
120;168100;136946;2302060;094893;1595150
120;168200;136950;2303500;094901;1596235
120;168300;136955;2304955;094909;1597320
120;168400;136959;2306390;094917;1598400
120;168500;136963;2307825;094926;1599505
120;168600;136967;2309265;094934;1600585
120;168700;136971;2310700;094942;1601670
120;168800;136975;2312140;094950;1602755
120;168900;136979;2313575;094959;1603860
120;169000;136983;2315015;094967;1604940
120;169100;136988;2316465;094975;1606025
120;169200;136992;2317905;094983;1607110
120;169300;136996;2319340;094992;1608215
120;169400;137000;2320780;095000;1609300
120;169500;137004;2322220;095008;1610385
120;169600;137008;2323655;095016;1611470
120;169700;137012;2325095;095025;1612575
120;169800;137017;2326550;095033;1613660
120;169900;137021;2327985;095041;1614745
120;170000;137025;2329425;095050;1615850
120;170100;137029;2330865;095058;1616935
120;170200;137033;2332300;095066;1618025
120;170300;137037;2333740;095074;1619110
120;170400;137041;2335180;095083;1620215
120;170500;137045;2336615;095091;1621300
120;170600;137050;2338075;095099;1622390
120;170700;137054;2339510;095107;1623475
120;170800;137058;2340950;095116;1624580
120;170900;137062;2342390;095124;1625670
120;171000;137066;2343830;095132;1626755
120;171100;137070;2345270;095140;1627845
120;171200;137074;2346705;095149;1628950
120;171300;137079;2348165;095157;1630040
120;171400;137083;2349605;095165;1631130
120;171500;137087;2351040;095174;1632235
120;171600;137091;2352480;095182;1633325
120;171700;137095;2353920;095190;1634410
120;171800;137099;2355360;095198;1635500
120;171900;137103;2356800;095207;1636610
120;172000;137107;2358240;095215;1637700
120;172100;137112;2359700;095223;1638790
120;172200;137116;2361140;095231;1639880
120;172300;137120;2362580;095240;1640985
120;172400;137124;2364020;095248;1642075
120;172500;137128;2365460;095256;1643165
120;172600;137132;2366900;095264;1644255
120;172700;137136;2368340;095273;1645365
120;172800;137140;2369780;095281;1646455
120;172900;137145;2371235;095289;1647545
120;173000;137149;2372680;095297;1648640
120;173100;137153;2374120;095306;1649745
120;173200;137157;2375560;095314;1650840
120;173300;137161;2377000;095322;1651930
120;173400;137165;2378440;095331;1653040
120;173500;137169;2379880;095339;1654130
120;173600;137174;2381340;095347;1655225
120;173700;137178;2382780;095355;1656315
120;173800;137182;2384225;095364;1657425
120;173900;137186;2385665;095372;1658520
120;174000;137190;2387105;095380;1659610
120;174100;137194;2388550;095388;1660705
120;174200;137198;2389990;095397;1661815
120;174300;137202;2391430;095405;1662910
120;174400;137207;2392890;095413;1664005
120;174500;137211;2394330;095421;1665095
120;174600;137215;2395775;095430;1666210
120;174700;137219;2397215;095438;1667300
120;174800;137223;2398660;095446;1668395
120;174900;137227;2400100;095455;1669510
120;175000;137231;2401545;095463;1670605
120;175100;137236;2403000;095471;1671695
120;175200;137240;2404445;095479;1672790
120;175300;137244;2405885;095488;1673905
120;175400;137248;2407330;095496;1675000
120;175500;137252;2408775;095504;1676095
120;175600;137256;2410215;095512;1677190
120;175700;137260;2411660;095521;1678305
120;175800;137264;2413100;095529;1679400
120;175900;137269;2414560;095537;1680495
120;176000;137273;2416005;095545;1681590
120;176100;137277;2417450;095554;1682705
120;176200;137281;2418890;095562;1683800
120;176300;137285;2420335;095570;1684900
120;176400;137289;2421780;095578;1685995
120;176500;137293;2423220;095587;1687110
120;176600;137298;2424685;095595;1688210
120;176700;137302;2426125;095603;1689305
120;176800;137306;2427570;095612;1690420
120;176900;137310;2429015;095620;1691520
120;177000;137314;2430460;095628;1692615
120;177100;137318;2431900;095636;1693715
120;177200;137322;2433345;095645;1694830
120;177300;137326;2434790;095653;1695930
120;177400;137331;2436250;095661;1697025
120;177500;137335;2437695;095669;1698125
120;177600;137339;2439140;095678;1699240
120;177700;137343;2440585;095686;1700340
120;177800;137347;2442030;095694;1701440
120;177900;137351;2443475;095702;1702540
120;178000;137355;2444920;095711;1703655
120;178100;137360;2446380;095719;1704755
120;178200;137364;2447825;095727;1705855
120;178300;137368;2449270;095735;1706955
120;178400;137372;2450715;095744;1708075
120;178500;137376;2452160;095752;1709175
120;178600;137380;2453605;095760;1710275
120;178700;137384;2455050;095769;1711390
120;178800;137388;2456495;095777;1712495
120;178900;137393;2457960;095785;1713595
120;179000;137397;2459405;095793;1714695
120;179100;137401;2460850;095802;1715815
120;179200;137405;2462300;095810;1716915
120;179300;137409;2463745;095818;1718015
120;179400;137413;2465190;095826;1719120
120;179500;137417;2466635;095835;1720240
120;179600;137421;2468080;095843;1721340
120;179700;137426;2469545;095851;1722440
120;179800;137430;2470990;095859;1723545
120;179900;137434;2472440;095868;1724665
120;180000;137438;2473885;095876;1725770
120;180100;137442;2475330;095884;1726870
120;180200;137446;2476775;095893;1727990
120;180300;137450;2478225;095901;1729095
120;180400;137455;2479690;095909;1730200
120;180500;137459;2481135;095917;1731300
120;180600;137463;2482580;095926;1732425
120;180700;137467;2484030;095934;1733525
120;180800;137471;2485475;095942;1734630
120;180900;137475;2486925;095950;1735735
120;181000;137479;2488370;095959;1736860
120;181100;137483;2489815;095967;1737960
120;181200;137488;2491285;095975;1739065
120;181300;137492;2492730;095983;1740170
120;181400;137496;2494175;095992;1741295
120;181500;137500;2495625;096000;1742400
120;181600;137504;2497075;096008;1743505
120;181700;137508;2498520;096016;1744610
120;181800;137512;2499970;096025;1745735
120;181900;137517;2501435;096033;1746840
120;182000;137521;2502880;096041;1747945
120;182100;137525;2504330;096050;1749070
120;182200;137529;2505780;096058;1750175
120;182300;137533;2507225;096066;1751285
120;182400;137537;2508675;096074;1752390
120;182500;137541;2510125;096083;1753515
120;182600;137545;2511570;096091;1754620
120;182700;137550;2513040;096099;1755730
120;182800;137554;2514485;096107;1756835
120;182900;137558;2515935;096116;1757960
120;183000;137562;2517385;096124;1759070
120;183100;137566;2518835;096132;1760175
120;183200;137570;2520280;096140;1761285
120;183300;137574;2521730;096149;1762410
120;183400;137579;2523200;096157;1763520
120;183500;137583;2524650;096165;1764630
120;183600;137587;2526095;096174;1765755
120;183700;137591;2527545;096182;1766865
120;183800;137595;2528995;096190;1767970
120;183900;137599;2530445;096198;1769080
120;184000;137603;2531895;096207;1770210
120;184100;137607;2533345;096215;1771320
120;184200;137612;2534815;096223;1772430
120;184300;137616;2536265;096231;1773535
120;184400;137620;2537715;096240;1774665
120;184500;137624;2539165;096248;1775775
120;184600;137628;2540615;096256;1776885
120;184700;137632;2542065;096264;1777995
120;184800;137636;2543515;096273;1779125
120;184900;137640;2544965;096281;1780235
120;185000;137645;2546435;096289;1781345
120;185100;137649;2547885;096297;1782455
120;185200;137653;2549335;096306;1783585
120;185300;137657;2550785;096314;1784700
120;185400;137661;2552235;096322;1785810
120;185500;137665;2553685;096331;1786940
120;185600;137669;2555135;096339;1788050
120;185700;137674;2556605;096347;1789165
120;185800;137678;2558055;096355;1790275
120;185900;137682;2559510;096364;1791405
120;186000;137686;2560960;096372;1792520
120;186100;137690;2562410;096380;1793630
120;186200;137694;2563860;096388;1794745
120;186300;137698;2565315;096397;1795875
120;186400;137702;2566765;096405;1796990
120;186500;137707;2568235;096413;1798100
120;186600;137711;2569685;096421;1799215
120;186700;137715;2571140;096430;1800350
120;186800;137719;2572590;096438;1801460
120;186900;137723;2574045;096446;1802575
120;187000;137727;2575495;096455;1803710
120;187100;137731;2576945;096463;1804825
120;187200;137736;2578420;096471;1805935
120;187300;137740;2579870;096479;1807050
120;187400;137744;2581325;096488;1808185
120;187500;137748;2582775;096496;1809300
120;187600;137752;2584230;096504;1810415
120;187700;137756;2585680;096512;1811530
120;187800;137760;2587135;096521;1812665
120;187900;137764;2588585;096529;1813780
120;188000;137769;2590055;096537;1814895
120;188100;137773;2591510;096545;1816010
120;188200;137777;2592965;096554;1817145
120;188300;137781;2594415;096562;1818260
120;188400;137785;2595870;096570;1819380
120;188500;137789;2597325;096578;1820495
120;188600;137793;2598775;096587;1821630
120;188700;137798;2600250;096595;1822750
120;188800;137802;2601700;096603;1823865
120;188900;137806;2603155;096612;1825000
120;189000;137810;2604610;096620;1826120
120;189100;137814;2606065;096628;1827235
120;189200;137818;2607515;096636;1828355
120;189300;137822;2608970;096645;1829490
120;189400;137826;2610425;096653;1830610
120;189500;137831;2611895;096661;1831725
120;189600;137835;2613350;096669;1832845
120;189700;137839;2614805;096678;1833980
120;189800;137843;2616260;096686;1835100
120;189900;137847;2617715;096694;1836220
120;190000;137851;2619170;096702;1837340
120;190100;137855;2620625;096711;1838475
120;190200;137860;2622095;096719;1839595
120;190300;137864;2623550;096727;1840715
120;190400;137868;2625005;096735;1841835
120;190500;137872;2626460;096744;1842975
120;190600;137876;2627915;096752;1844095
120;190700;137880;2629370;096760;1845215
120;190800;137884;2630825;096769;1846355
120;190900;137888;2632280;096777;1847475
120;191000;137893;2633755;096785;1848595
120;191100;137897;2635210;096793;1849715
120;191200;137901;2636665;096802;1850855
120;191300;137905;2638125;096810;1851975
120;191400;137909;2639580;096818;1853095
120;191500;137913;2641035;096826;1854220
120;191600;137917;2642490;096835;1855360
120;191700;137921;2643945;096843;1856480
120;191800;137926;2645420;096851;1857600
120;191900;137930;2646875;096859;1858725
120;192000;137934;2648335;096868;1859865
120;192100;137938;2649790;096876;1860990
120;192200;137942;2651245;096884;1862110
120;192300;137946;2652700;096893;1863250
120;192400;137950;2654160;096901;1864375
120;192500;137955;2655635;096909;1865500
120;192600;137959;2657090;096917;1866620
120;192700;137963;2658545;096926;1867765
120;192800;137967;2660005;096934;1868890
120;192900;137971;2661460;096942;1870010
120;193000;137975;2662920;096950;1871135
120;193100;137979;2664375;096959;1872280
120;193200;137983;2665830;096967;1873400
120;193300;137988;2667310;096975;1874525
120;193400;137992;2668765;096983;1875650
120;193500;137996;2670225;096992;1876795
120;193600;138000;2671680;097000;1877920
120;193700;138004;2673135;097008;1879045
120;193800;138008;2674595;097016;1880170
120;193900;138012;2676055;097025;1881315
120;194000;138017;2677530;097033;1882440
120;194100;138021;2678990;097041;1883565
120;194200;138025;2680445;097050;1884710
120;194300;138029;2681905;097058;1885835
120;194400;138033;2683360;097066;1886965
120;194500;138037;2684820;097074;1888090
120;194600;138041;2686280;097083;1889235
120;194700;138045;2687735;097091;1890360
120;194800;138050;2689215;097099;1891490
120;194900;138054;2690670;097107;1892615
120;195000;138058;2692130;097116;1893760
120;195100;138062;2693590;097124;1894890
120;195200;138066;2695050;097132;1896015
120;195300;138070;2696505;097140;1897145
120;195400;138074;2697965;097149;1898290
120;195500;138079;2699445;097157;1899420
120;195600;138083;2700905;097165;1900545
120;195700;138087;2702365;097174;1901695
120;195800;138091;2703820;097182;1902825
120;195900;138095;2705280;097190;1903950
120;196000;138099;2706740;097198;1905080
120;196100;138103;2708200;097207;1906230
120;196200;138107;2709660;097215;1907360
120;196300;138112;2711140;097223;1908485
120;196400;138116;2712600;097231;1909615
120;196500;138120;2714060;097240;1910765
120;196600;138124;2715520;097248;1911895
120;196700;138128;2716980;097256;1913025
120;196800;138132;2718440;097264;1914155
120;196900;138136;2719900;097273;1915305
120;197000;138140;2721360;097281;1916435
120;197100;138145;2722840;097289;1917565
120;197200;138149;2724300;097297;1918695
120;197300;138153;2725760;097306;1919845
120;197400;138157;2727220;097314;1920980
120;197500;138161;2728680;097322;1922110
120;197600;138165;2730140;097331;1923260
120;197700;138169;2731600;097339;1924390
120;197800;138174;2733080;097347;1925525
120;197900;138178;2734545;097355;1926655
120;198000;138182;2736005;097364;1927805
120;198100;138186;2737465;097372;1928940
120;198200;138190;2738925;097380;1930070
120;198300;138194;2740385;097388;1931205
120;198400;138198;2741850;097397;1932355
120;198500;138202;2743310;097405;1933490
120;198600;138207;2744790;097413;1934620
120;198700;138211;2746255;097421;1935755
120;198800;138215;2747715;097430;1936910
120;198900;138219;2749175;097438;1938040
120;199000;138223;2750640;097446;1939175
120;199100;138227;2752100;097455;1940330
120;199200;138231;2753560;097463;1941465
120;199300;138236;2755045;097471;1942595
120;199400;138240;2756505;097479;1943730
120;199500;138244;2757970;097488;1944885
120;199600;138248;2759430;097496;1946020
120;199700;138252;2760890;097504;1947155
120;199800;138256;2762355;097512;1948290
120;199900;138260;2763815;097521;1949445
120;200000;138264;2765280;097529;1950580
120;200100;138269;2766765;097537;1951715
120;200200;138273;2768225;097545;1952850
120;200300;138277;2769690;097554;1954005
120;200400;138281;2771150;097562;1955140
120;200500;138285;2772615;097570;1956280
120;200600;138289;2774075;097578;1957415
120;200700;138293;2775540;097587;1958570
120;200800;138298;2777025;097595;1959710
120;200900;138302;2778485;097603;1960845
120;201000;138306;2779950;097612;1962000
120;201100;138310;2781415;097620;1963140
120;201200;138314;2782880;097628;1964275
120;201300;138318;2784340;097636;1965415
120;201400;138322;2785805;097645;1966570
120;201500;138326;2787270;097653;1967710
120;201600;138331;2788755;097661;1968845
120;201700;138335;2790215;097669;1969985
120;201800;138339;2791680;097678;1971140
120;201900;138343;2793145;097686;1972280
120;202000;138347;2794610;097694;1973420
120;202100;138351;2796075;097702;1974555
120;202200;138355;2797540;097711;1975715
120;202300;138360;2799025;097719;1976855
120;202400;138364;2800485;097727;1977995
120;202500;138368;2801950;097735;1979135
120;202600;138372;2803415;097744;1980295
120;202700;138376;2804880;097752;1981435
120;202800;138380;2806345;097760;1982575
120;202900;138384;2807810;097769;1983735
120;203000;138388;2809275;097777;1984875
120;203100;138393;2810760;097785;1986015
120;203200;138397;2812225;097793;1987155
120;203300;138401;2813690;097802;1988315
120;203400;138405;2815160;097810;1989455
120;203500;138409;2816625;097818;1990595
120;203600;138413;2818090;097826;1991735
120;203700;138417;2819555;097835;1992900
120;203800;138421;2821020;097843;1994040
120;203900;138426;2822505;097851;1995180
120;204000;138430;2823970;097859;1996325
120;204100;138434;2825440;097868;1997485
120;204200;138438;2826905;097876;1998630
120;204300;138442;2828370;097884;1999770
120;204400;138446;2829835;097893;2000935
120;204500;138450;2831305;097901;2002075
120;204600;138455;2832790;097909;2003220
120;204700;138459;2834255;097917;2004360
120;204800;138463;2835720;097926;2005525
120;204900;138467;2837190;097934;2006670
120;205000;138471;2838655;097942;2007810
120;205100;138475;2840120;097950;2008955
120;205200;138479;2841590;097959;2010120
120;205300;138483;2843055;097967;2011265
120;205400;138488;2844545;097975;2012405
120;205500;138492;2846010;097983;2013550
120;205600;138496;2847480;097992;2014715
120;205700;138500;2848945;098000;2015860
120;205800;138504;2850410;098008;2017005
120;205900;138508;2851880;098016;2018150
120;206000;138512;2853345;098025;2019315
120;206100;138517;2854835;098033;2020460
120;206200;138521;2856305;098041;2021605
120;206300;138525;2857770;098050;2022770
120;206400;138529;2859240;098058;2023915
120;206500;138533;2860705;098066;2025065
120;206600;138537;2862175;098074;2026210
120;206700;138541;2863640;098083;2027375
120;206800;138545;2865110;098091;2028520
120;206900;138550;2866600;098099;2029670
120;207000;138554;2868070;098107;2030815
120;207100;138558;2869535;098116;2031980
120;207200;138562;2871005;098124;2033130
120;207300;138566;2872475;098132;2034275
120;207400;138570;2873940;098140;2035425
120;207500;138574;2875410;098149;2036590
120;207600;138579;2876900;098157;2037740
120;207700;138583;2878370;098165;2038885
120;207800;138587;2879840;098174;2040055
120;207900;138591;2881305;098182;2041205
120;208000;138595;2882775;098190;2042350
120;208100;138599;2884245;098198;2043500
120;208200;138603;2885715;098207;2044670
120;208300;138607;2887185;098215;2045820
120;208400;138612;2888675;098223;2046965
120;208500;138616;2890145;098231;2048115
120;208600;138620;2891615;098240;2049285
120;208700;138624;2893085;098248;2050435
120;208800;138628;2894555;098256;2051585
120;208900;138632;2896020;098264;2052735
120;209000;138636;2897490;098273;2053905
120;209100;138640;2898960;098281;2055055
120;209200;138645;2900455;098289;2056205
120;209300;138649;2901925;098297;2057355
120;209400;138653;2903395;098306;2058530
120;209500;138657;2904865;098314;2059680
120;209600;138661;2906335;098322;2060830
120;209700;138665;2907805;098331;2062000
120;209800;138669;2909275;098339;2063150
120;209900;138674;2910765;098347;2064305
120;210000;138678;2912240;098355;2065455
120;210100;138682;2913710;098364;2066630
120;210200;138686;2915180;098372;2067780
120;210300;138690;2916650;098380;2068930
120;210400;138694;2918120;098388;2070085
120;210500;138698;2919595;098397;2071255
120;210600;138702;2921065;098405;2072410
120;210700;138707;2922555;098413;2073560
120;210800;138711;2924030;098421;2074715
120;210900;138715;2925500;098430;2075890
120;211000;138719;2926970;098438;2077040
120;211100;138723;2928445;098446;2078195
120;211200;138727;2929915;098455;2079370
120;211300;138731;2931385;098463;2080525
120;211400;138736;2932880;098471;2081675
120;211500;138740;2934350;098479;2082830
120;211600;138744;2935825;098488;2084005
120;211700;138748;2937295;098496;2085160
120;211800;138752;2938765;098504;2086315
120;211900;138756;2940240;098512;2087470
120;212000;138760;2941710;098521;2088645
120;212100;138764;2943185;098529;2089800
120;212200;138769;2944680;098537;2090955
120;212300;138773;2946150;098545;2092110
120;212400;138777;2947625;098554;2093285
120;212500;138781;2949095;098562;2094445
120;212600;138785;2950570;098570;2095600
120;212700;138789;2952040;098578;2096755
120;212800;138793;2953515;098587;2097930
120;212900;138798;2955010;098595;2099090
120;213000;138802;2956485;098603;2100245
120;213100;138806;2957955;098612;2101420
120;213200;138810;2959430;098620;2102580
120;213300;138814;2960905;098628;2103735
120;213400;138818;2962375;098636;2104890
120;213500;138822;2963850;098645;2106070
120;213600;138826;2965325;098653;2107230
120;213700;138831;2966820;098661;2108385
120;213800;138835;2968290;098669;2109545
120;213900;138839;2969765;098678;2110720
120;214000;138843;2971240;098686;2111880
120;214100;138847;2972715;098694;2113040
120;214200;138851;2974190;098702;2114195
120;214300;138855;2975665;098711;2115375
120;214400;138860;2977160;098719;2116535
120;214500;138864;2978635;098727;2117695
120;214600;138868;2980105;098735;2118855
120;214700;138872;2981580;098744;2120035
120;214800;138876;2983055;098752;2121195
120;214900;138880;2984530;098760;2122350
120;215000;138884;2986005;098769;2123535
120;215100;138888;2987480;098777;2124695
120;215200;138893;2988975;098785;2125855
120;215300;138897;2990450;098793;2127015
120;215400;138901;2991930;098802;2128195
120;215500;138905;2993405;098810;2129355
120;215600;138909;2994880;098818;2130515
120;215700;138913;2996355;098826;2131675
120;215800;138917;2997830;098835;2132860
120;215900;138921;2999305;098843;2134020
120;216000;138926;3000800;098851;2135180
120;216100;138930;3002275;098859;2136345
120;216200;138934;3003755;098868;2137525
120;216300;138938;3005230;098876;2138690
120;216400;138942;3006705;098884;2139850
120;216500;138946;3008180;098893;2141035
120;216600;138950;3009655;098901;2142195
120;216700;138955;3011155;098909;2143360
120;216800;138959;3012630;098917;2144520
120;216900;138963;3014105;098926;2145705
120;217000;138967;3015585;098934;2146870
120;217100;138971;3017060;098942;2148030
120;217200;138975;3018535;098950;2149195
120;217300;138979;3020015;098959;2150380
120;217400;138983;3021490;098967;2151545
120;217500;138988;3022990;098975;2152705
120;217600;138992;3024465;098983;2153870
120;217700;138996;3025945;098992;2155055
120;217800;139000;3027420;099000;2156220
120;217900;139004;3028895;099004;2157295
120;218000;139008;3030375;099008;2158375
120;218100;139012;3031850;099012;2159450
120;218200;139017;3033350;099017;2160550
120;218300;139021;3034830;099021;2161630
120;218400;139025;3036305;099025;2162705
120;218500;139029;3037785;099029;2163785
120;218600;139033;3039260;099033;2164860
120;218700;139037;3040740;099037;2165940
120;218800;139041;3042215;099041;2167015
120;218900;139045;3043695;099045;2168095
120;219000;139050;3045195;099050;2169195
120;219100;139054;3046675;099054;2170275
120;219200;139058;3048150;099058;2171350
120;219300;139062;3049630;099062;2172430
120;219400;139066;3051110;099066;2173510
120;219500;139070;3052585;099070;2174585
120;219600;139074;3054065;099074;2175665
120;219700;139079;3055565;099079;2176765
120;219800;139083;3057045;099083;2177845
120;219900;139087;3058525;099087;2178925
120;220000;139091;3060000;099091;2180000
120;220100;139095;3061480;099095;2181080
120;220200;139099;3062960;099099;2182160
120;220300;139103;3064440;099103;2183240
120;220400;139107;3065920;099107;2184320
120;220500;139112;3067420;099112;2185420
120;220600;139116;3068900;099116;2186500
120;220700;139120;3070380;099120;2187580
120;220800;139124;3071860;099124;2188660
120;220900;139128;3073340;099128;2189740
120;221000;139132;3074815;099132;2190815
120;221100;139136;3076295;099136;2191895
120;221200;139140;3077775;099140;2192975
120;221300;139145;3079280;099145;2194080
120;221400;139149;3080760;099149;2195160
120;221500;139153;3082240;099153;2196240
120;221600;139157;3083720;099157;2197320
120;221700;139161;3085200;099161;2198400
120;221800;139165;3086680;099165;2199480
120;221900;139169;3088160;099169;2200560
120;222000;139174;3089665;099174;2201665
120;222100;139178;3091145;099178;2202745
120;222200;139182;3092625;099182;2203825
120;222300;139186;3094105;099186;2204905
120;222400;139190;3095585;099190;2205985
120;222500;139194;3097065;099194;2207065
120;222600;139198;3098545;099198;2208145
120;222700;139202;3100030;099202;2209230
120;222800;139207;3101530;099207;2210330
120;222900;139211;3103015;099211;2211415
120;223000;139215;3104495;099215;2212495
120;223100;139219;3105975;099219;2213575
120;223200;139223;3107455;099223;2214655
120;223300;139227;3108940;099227;2215740
120;223400;139231;3110420;099231;2216820
120;223500;139236;3111925;099236;2217925
120;223600;139240;3113405;099240;2219005
120;223700;139244;3114890;099244;2220090
120;223800;139248;3116370;099248;2221170
120;223900;139252;3117850;099252;2222250
120;224000;139256;3119335;099256;2223335
120;224100;139260;3120815;099260;2224415
120;224200;139264;3122300;099264;2225500
120;224300;139269;3123805;099269;2226605
120;224400;139273;3125285;099273;2227685
120;224500;139277;3126770;099277;2228770
120;224600;139281;3128250;099281;2229850
120;224700;139285;3129735;099285;2230935
120;224800;139289;3131215;099289;2232015
120;224900;139293;3132700;099293;2233100
120;225000;139298;3134205;099298;2234205
120;225100;139302;3135690;099302;2235290
120;225200;139306;3137170;099306;2236370
120;225300;139310;3138655;099310;2237455
120;225400;139314;3140140;099314;2238540
120;225500;139318;3141620;099318;2239620
120;225600;139322;3143105;099322;2240705
120;225700;139326;3144590;099326;2241790
120;225800;139331;3146095;099331;2242895
120;225900;139335;3147580;099335;2243980
120;226000;139339;3149060;099339;2245060
120;226100;139343;3150545;099343;2246145
120;226200;139347;3152030;099347;2247230
120;226300;139351;3153515;099351;2248315
120;226400;139355;3154995;099355;2249395
120;226500;139360;3156505;099360;2250505
120;226600;139364;3157990;099364;2251590
120;226700;139368;3159475;099368;2252675
120;226800;139372;3160955;099372;2253755
120;226900;139376;3162440;099376;2254840
120;227000;139380;3163925;099380;2255925
120;227100;139384;3165410;099384;2257010
120;227200;139388;3166895;099388;2258095
120;227300;139393;3168405;099393;2259205
120;227400;139397;3169890;099397;2260290
120;227500;139401;3171375;099401;2261375
120;227600;139405;3172860;099405;2262460
120;227700;139409;3174345;099409;2263545
120;227800;139413;3175830;099413;2264630
120;227900;139417;3177315;099417;2265715
120;228000;139421;3178800;099421;2266800
120;228100;139426;3180305;099426;2267905
120;228200;139430;3181795;099430;2268995
120;228300;139434;3183280;099434;2270080
120;228400;139438;3184765;099438;2271165
120;228500;139442;3186250;099442;2272250
120;228600;139446;3187735;099446;2273335
120;228700;139450;3189220;099450;2274420
120;228800;139455;3190730;099455;2275530
120;228900;139459;3192215;099459;2276615
120;229000;139463;3193705;099463;2277705
120;229100;139467;3195190;099467;2278790
120;229200;139471;3196675;099471;2279875
120;229300;139475;3198160;099475;2280960
120;229400;139479;3199650;099479;2282050
120;229500;139483;3201135;099483;2283135
120;229600;139488;3202645;099488;2284245
120;229700;139492;3204130;099492;2285330
120;229800;139496;3205620;099496;2286420
120;229900;139500;3207105;099500;2287505
120;230000;139504;3208590;099504;2288590
120;230100;139508;3210080;099508;2289680
120;230200;139512;3211565;099512;2290765
120;230300;139517;3213075;099517;2291875
120;230400;139521;3214565;099521;2292965
120;230500;139525;3216050;099525;2294050
120;230600;139529;3217540;099529;2295140
120;230700;139533;3219025;099533;2296225
120;230800;139537;3220515;099537;2297315
120;230900;139541;3222000;099541;2298400
120;231000;139545;3223490;099545;2299490
120;231100;139550;3225000;099550;2300600
120;231200;139554;3226490;099554;2301690
120;231300;139558;3227975;099558;2302775
120;231400;139562;3229465;099562;2303865
120;231500;139566;3230955;099566;2304955
120;231600;139570;3232440;099570;2306040
120;231700;139574;3233930;099574;2307130
120;231800;139579;3235440;099579;2308240
120;231900;139583;3236930;099583;2309330
120;232000;139587;3238420;099587;2310420
120;232100;139591;3239905;099591;2311505
120;232200;139595;3241395;099595;2312595
120;232300;139599;3242885;099599;2313685
120;232400;139603;3244375;099603;2314775
120;232500;139607;3245865;099607;2315865
120;232600;139612;3247375;099612;2316975
120;232700;139616;3248865;099616;2318065
120;232800;139620;3250355;099620;2319155
120;232900;139624;3251845;099624;2320245
120;233000;139628;3253330;099628;2321330
120;233100;139632;3254820;099632;2322420
120;233200;139636;3256310;099636;2323510
120;233300;139640;3257800;099640;2324600
120;233400;139645;3259315;099645;2325715
120;233500;139649;3260805;099649;2326805
120;233600;139653;3262295;099653;2327895
120;233700;139657;3263785;099657;2328985
120;233800;139661;3265275;099661;2330075
120;233900;139665;3266765;099665;2331165
120;234000;139669;3268255;099669;2332255
120;234100;139674;3269770;099674;2333370
120;234200;139678;3271260;099678;2334460
120;234300;139682;3272750;099682;2335550
120;234400;139686;3274240;099686;2336640
120;234500;139690;3275730;099690;2337730
120;234600;139694;3277220;099694;2338820
120;234700;139698;3278710;099698;2339910
120;234800;139702;3280205;099702;2341005
120;234900;139707;3281715;099707;2342115
120;235000;139711;3283210;099711;2343210
120;235100;139715;3284700;099715;2344300
120;235200;139719;3286190;099719;2345390
120;235300;139723;3287680;099723;2346480
120;235400;139727;3289175;099727;2347575
120;235500;139731;3290665;099731;2348665
120;235600;139736;3292180;099736;2349780
120;235700;139740;3293670;099740;2350870
120;235800;139744;3295165;099744;2351965
120;235900;139748;3296655;099748;2353055
120;236000;139752;3298145;099752;2354145
120;236100;139756;3299640;099756;2355240
120;236200;139760;3301130;099760;2356330
120;236300;139764;3302625;099764;2357425
120;236400;139769;3304140;099769;2358540
120;236500;139773;3305630;099773;2359630
120;236600;139777;3307125;099777;2360725
120;236700;139781;3308615;099781;2361815
120;236800;139785;3310110;099785;2362910
120;236900;139789;3311600;099789;2364000
120;237000;139793;3313095;099793;2365095
120;237100;139798;3314610;099798;2366210
120;237200;139802;3316105;099802;2367305
120;237300;139806;3317595;099806;2368395
120;237400;139810;3319090;099810;2369490
120;237500;139814;3320585;099814;2370585
120;237600;139818;3322075;099818;2371675
120;237700;139822;3323570;099822;2372770
120;237800;139826;3325060;099826;2373860
120;237900;139831;3326580;099831;2374980
120;238000;139835;3328075;099835;2376075
120;238100;139839;3329565;099839;2377165
120;238200;139843;3331060;099843;2378260
120;238300;139847;3332555;099847;2379355
120;238400;139851;3334050;099851;2380450
120;238500;139855;3335540;099855;2381540
120;238600;139860;3337060;099860;2382660
120;238700;139864;3338555;099864;2383755
120;238800;139868;3340050;099868;2384850
120;238900;139872;3341540;099872;2385940
120;239000;139876;3343035;099876;2387035
120;239100;139880;3344530;099880;2388130
120;239200;139884;3346025;099884;2389225
120;239300;139888;3347520;099888;2390320
120;239400;139893;3349040;099893;2391440
120;239500;139897;3350535;099897;2392535
120;239600;139901;3352030;099901;2393630
120;239700;139905;3353525;099905;2394725
120;239800;139909;3355020;099909;2395820
120;239900;139913;3356515;099913;2396915
120;240000;139917;3358010;099917;2398010
120;240100;139921;3359505;099921;2399105
120;240200;139926;3361025;099926;2400225
120;240300;139930;3362520;099930;2401320
120;240400;139934;3364015;099934;2402415
120;240500;139938;3365510;099938;2403510
120;240600;139942;3367005;099942;2404605
120;240700;139946;3368500;099946;2405700
120;240800;139950;3369995;099950;2406795
120;240900;139955;3371515;099955;2407915
120;241000;139959;3373010;099959;2409010
120;241100;139963;3374510;099963;2410110
120;241200;139967;3376005;099967;2411205
120;241300;139971;3377500;099971;2412300
120;241400;139975;3378995;099975;2413395
120;241500;139979;3380495;099979;2414495
120;241600;139983;3381990;099983;2415590
120;241700;139988;3383510;099988;2416710
120;241800;139992;3385005;099992;2417805
120;241900;139996;3386505;099996;2418905
120;242000;140000;3388000;100000;2420000
120;242100;140000;3389400;100000;2421000
