110;005500;020000;0011000;020000;0011000
110;005600;020144;0011280;020126;0011270
110;005700;020290;0011565;020253;0011545
110;005800;020435;0011850;020381;0011820
110;005900;020581;0012145;020508;0012100
110;006000;020726;0012435;020636;0012380
110;006100;020872;0012730;020763;0012665
110;006200;021018;0013030;020890;0012950
110;006300;021163;0013335;021018;0013240
110;006400;021309;0013640;021145;0013535
110;006500;021454;0013945;021273;0013825
110;006600;021600;0014255;021400;0014125
110;006700;021744;0014570;021526;0014420
110;006800;021890;0014885;021653;0014725
110;006900;022035;0015205;021781;0015030
110;007000;022181;0015525;021908;0015335
110;007100;022326;0015850;022036;0015645
110;007200;022472;0016180;022163;0015955
110;007300;022618;0016510;022290;0016270
110;007400;022763;0016845;022418;0016590
110;007500;022909;0017180;022545;0016910
110;007600;023054;0017520;022673;0017230
110;007700;023200;0017865;022800;0017555
110;007800;023344;0018210;022926;0017880
110;007900;023490;0018555;023053;0018210
110;008000;023635;0018910;023181;0018545
110;008100;023781;0019265;023308;0018880
110;008200;023926;0019620;023436;0019220
110;008300;024072;0019980;023563;0019555
110;008400;024218;0020345;023690;0019900
110;008500;024363;0020710;023818;0020245
110;008600;024509;0021080;023945;0020595
110;008700;024654;0021450;024073;0020945
110;008800;024800;0021825;024200;0021295
110;008900;024944;0022200;024326;0021650
110;009000;025090;0022580;024453;0022010
110;009100;025235;0022965;024581;0022370
110;009200;025381;0023350;024708;0022730
110;009300;025526;0023740;024836;0023095
110;009400;025672;0024130;024963;0023465
110;009500;025818;0024525;025090;0023835
110;009600;025963;0024925;025218;0024210
110;009700;026109;0025325;025345;0024585
110;009800;026254;0025730;025473;0024965
110;009900;026400;0026135;025600;0025345
110;010000;026544;0026545;025726;0025725
110;010100;026690;0026955;025853;0026110
110;010200;026835;0027370;025981;0026500
110;010300;026981;0027790;026108;0026890
110;010400;027126;0028210;026236;0027285
110;010500;027272;0028635;026363;0027680
110;010600;027418;0029065;026490;0028080
110;010700;027563;0029490;026618;0028480
110;010800;027709;0029925;026745;0028885
110;010900;027854;0030360;026873;0029290
110;011000;028000;0030800;027000;0029700
110;011100;028162;0031260;027162;0030150
110;011200;028326;0031725;027326;0030605
110;011300;028490;0032195;027490;0031065
110;011400;028653;0032665;027653;0031525
110;011500;028817;0033140;027817;0031990
110;011600;028981;0033620;027981;0032460
110;011700;029145;0034100;028145;0032930
110;011800;029309;0034585;028309;0033405
110;011900;029472;0035070;028472;0033880
110;012000;029636;0035565;028636;0034365
110;012100;029800;0036060;028800;0034850
110;012200;029962;0036555;028962;0035335
110;012300;030126;0037055;029126;0035825
110;012400;030290;0037560;029290;0036320
110;012500;030453;0038065;029453;0036815
110;012600;030617;0038575;029617;0037315
110;012700;030781;0039090;029781;0037820
110;012800;030945;0039610;029945;0038330
110;012900;031109;0040130;030109;0038840
110;013000;031272;0040655;030272;0039355
110;013100;031436;0041180;030436;0039870
110;013200;031600;0041710;030600;0040390
110;013300;031762;0042245;030762;0040915
110;013400;031926;0042780;030926;0041440
110;013500;032090;0043320;031090;0041970
110;013600;032253;0043865;031253;0042505
110;013700;032417;0044410;031417;0043040
110;013800;032581;0044960;031581;0043580
110;013900;032745;0045515;031745;0044125
110;014000;032909;0046075;031909;0044675
110;014100;033072;0046630;032072;0045220
110;014200;033236;0047195;032236;0045775
110;014300;033400;0047760;032400;0046330
110;014400;033562;0048330;032562;0046890
110;014500;033726;0048905;032726;0047455
110;014600;033890;0049480;032890;0048020
110;014700;034053;0050060;033053;0048590
110;014800;034217;0050640;033217;0049160
110;014900;034381;0051230;033381;0049740
110;015000;034545;0051820;033545;0050320
110;015100;034709;0052410;033709;0050900
110;015200;034872;0053005;033872;0051485
110;015300;035036;0053605;034036;0052075
110;015400;035200;0054210;034200;0052670
110;015500;035362;0054810;034362;0053260
110;015600;035526;0055420;034526;0053860
110;015700;035690;0056035;034690;0054465
110;015800;035853;0056650;034853;0055070
110;015900;036017;0057265;035017;0055675
110;016000;036181;0057890;035181;0056290
110;016100;036345;0058515;035345;0056905
110;016200;036509;0059145;035509;0057525
110;016300;036672;0059775;035672;0058145
110;016400;036836;0060410;035836;0058770
110;016500;037000;0061050;036000;0059400
110;016600;037162;0061690;036144;0060000
110;016700;037326;0062335;036290;0060605
110;016800;037490;0062985;036435;0061210
110;016900;037653;0063635;036581;0061820
110;017000;037817;0064290;036726;0062435
110;017100;037981;0064950;036872;0063050
110;017200;038145;0065610;037018;0063670
110;017300;038309;0066275;037163;0064290
110;017400;038472;0066940;037309;0064920
110;017500;038636;0067615;037454;0065545
110;017600;038800;0068290;037600;0066175
110;017700;038962;0068965;037744;0066805
110;017800;039126;0069645;037890;0067445
110;017900;039290;0070330;038035;0068085
110;018000;039453;0071015;038181;0068725
110;018100;039617;0071705;038326;0069370
110;018200;039781;0072400;038472;0070020
110;018300;039945;0073100;038618;0070670
110;018400;040109;0073800;038763;0071325
110;018500;040272;0074505;038909;0071980
110;018600;040436;0075210;039054;0072640
110;018700;040600;0075920;039200;0073305
110;018800;040762;0076635;039344;0073965
110;018900;040926;0077350;039490;0074635
110;019000;041090;0078070;039635;0075305
110;019100;041253;0078795;039781;0075980
110;019200;041417;0079520;039926;0076660
110;019300;041581;0080250;040072;0077340
110;019400;041745;0080985;040218;0078025
110;019500;041909;0081725;040363;0078710
110;019600;042072;0082460;040509;0079400
110;019700;042236;0083205;040654;0080090
110;019800;042400;0083950;040800;0080785
110;019900;042562;0084700;040944;0081480
110;020000;042726;0085450;041090;0082180
110;020100;042890;0086210;041235;0082880
110;020200;043053;0086965;041381;0083590
110;020300;043217;0087730;041526;0084300
110;020400;043381;0088495;041672;0085010
110;020500;043545;0089265;041818;0085725
110;020600;043709;0090040;041963;0086445
110;020700;043872;0090815;042109;0087165
110;020800;044036;0091595;042254;0087890
110;020900;044200;0092380;042400;0088615
110;021000;044362;0093160;042544;0089340
110;021100;044526;0093950;042690;0090075
110;021200;044690;0094745;042835;0090810
110;021300;044853;0095535;042981;0091550
110;021400;045017;0096335;043126;0092290
110;021500;045181;0097140;043272;0093035
110;021600;045345;0097945;043418;0093785
110;021700;045509;0098755;043563;0094530
110;021800;045672;0099565;043709;0095285
110;021900;045836;0100380;043854;0096040
110;022000;046000;0101200;044000;0096800
110;022100;046153;0102000;044126;0097520
110;022200;046308;0102805;044253;0098240
110;022300;046462;0103610;044381;0098970
110;022400;046617;0104420;044508;0099700
110;022500;046772;0105235;044636;0100430
110;022600;046927;0106055;044763;0101165
110;022700;047081;0106875;044890;0101900
110;022800;047236;0107700;045018;0102640
110;022900;047391;0108525;045145;0103380
110;023000;047545;0109355;045273;0104130
110;023100;047700;0110185;045400;0104875
110;023200;047853;0111020;045526;0105620
110;023300;048008;0111860;045653;0106370
110;023400;048162;0112700;045781;0107130
110;023500;048317;0113545;045908;0107885
110;023600;048472;0114395;046036;0108645
110;023700;048627;0115245;046163;0109405
110;023800;048781;0116100;046290;0110170
110;023900;048936;0116955;046418;0110940
110;024000;049091;0117820;046545;0111710
110;024100;049245;0118680;046673;0112480
110;024200;049400;0119550;046800;0113255
110;024300;049553;0120415;046926;0114030
110;024400;049708;0121290;047053;0114810
110;024500;049862;0122160;047181;0115595
110;024600;050017;0123040;047308;0116380
110;024700;050172;0123925;047436;0117165
110;024800;050327;0124810;047563;0117955
110;024900;050481;0125700;047690;0118750
110;025000;050636;0126590;047818;0119545
110;025100;050791;0127485;047945;0120340
110;025200;050945;0128380;048073;0121145
110;025300;051100;0129285;048200;0121945
110;025400;051253;0130185;048326;0122750
110;025500;051408;0131090;048453;0123555
110;025600;051562;0132000;048581;0124365
110;025700;051717;0132915;048708;0125180
110;025800;051872;0133830;048836;0125995
110;025900;052027;0134750;048963;0126815
110;026000;052181;0135670;049090;0127635
110;026100;052336;0136595;049218;0128460
110;026200;052491;0137525;049345;0129285
110;026300;052645;0138455;049473;0130115
110;026400;052800;0139390;049600;0130945
110;026500;052953;0140325;049726;0131775
110;026600;053108;0141265;049853;0132610
110;026700;053262;0142210;049981;0133450
110;026800;053417;0143160;050108;0134290
110;026900;053572;0144110;050236;0135135
110;027000;053727;0145065;050363;0135980
110;027100;053881;0146020;050490;0136830
110;027200;054036;0146980;050618;0137680
110;027300;054191;0147940;050745;0138535
110;027400;054345;0148905;050873;0139390
110;027500;054500;0149875;051000;0140250
110;027600;054653;0150840;051126;0141110
110;027700;054808;0151820;051253;0141970
110;027800;054962;0152795;051381;0142840
110;027900;055117;0153775;051508;0143705
110;028000;055272;0154760;051636;0144580
110;028100;055427;0155750;051763;0145455
110;028200;055581;0156740;051890;0146330
110;028300;055736;0157735;052018;0147210
110;028400;055891;0158730;052145;0148090
110;028500;056045;0159730;052273;0148980
110;028600;056200;0160730;052400;0149865
110;028700;056353;0161735;052526;0150750
110;028800;056508;0162745;052653;0151640
110;028900;056662;0163755;052781;0152535
110;029000;056817;0164770;052908;0153435
110;029100;056972;0165790;053036;0154335
110;029200;057127;0166810;053163;0155235
110;029300;057281;0167835;053290;0156140
110;029400;057436;0168860;053418;0157050
110;029500;057591;0169895;053545;0157960
110;029600;057745;0170925;053673;0158870
110;029700;057900;0171965;053800;0159785
110;029800;058053;0173000;053926;0160700
110;029900;058208;0174040;054053;0161620
110;030000;058362;0175085;054181;0162545
110;030100;058517;0176135;054308;0163465
110;030200;058672;0177190;054436;0164395
110;030300;058827;0178245;054563;0165325
110;030400;058981;0179300;054690;0166260
110;030500;059136;0180365;054818;0167195
110;030600;059291;0181430;054945;0168130
110;030700;059445;0182495;055073;0169075
110;030800;059600;0183570;055200;0170015
110;030900;059753;0184635;055326;0170955
110;031000;059908;0185715;055453;0171905
110;031100;060062;0186795;055581;0172855
110;031200;060217;0187875;055708;0173810
110;031300;060372;0188965;055836;0174765
110;031400;060527;0190055;055963;0175725
110;031500;060681;0191145;056090;0176685
110;031600;060836;0192240;056218;0177650
110;031700;060991;0193340;056345;0178615
110;031800;061145;0194440;056473;0179585
110;031900;061300;0195545;056600;0180555
110;032000;061453;0196650;056726;0181525
110;032100;061608;0197760;056853;0182500
110;032200;061762;0198875;056981;0183480
110;032300;061917;0199990;057108;0184460
110;032400;062072;0201115;057236;0185445
110;032500;062227;0202240;057363;0186430
110;032600;062381;0203360;057490;0187415
110;032700;062536;0204495;057618;0188410
110;032800;062691;0205625;057745;0189405
110;032900;062845;0206760;057873;0190400
110;033000;063000;0207900;058000;0191400
110;033100;063126;0208945;058090;0192280
110;033200;063253;0210000;058181;0193160
110;033300;063381;0211060;058272;0194045
110;033400;063508;0212115;058363;0194930
110;033500;063636;0213180;058454;0195820
110;033600;063763;0214245;058545;0196710
110;033700;063890;0215310;058636;0197605
110;033800;064018;0216380;058727;0198495
110;033900;064145;0217450;058818;0199395
110;034000;064273;0218530;058909;0200290
110;034100;064400;0219605;059000;0201190
110;034200;064526;0220680;059090;0202090
110;034300;064653;0221760;059181;0202990
110;034400;064781;0222845;059272;0203895
110;034500;064908;0223935;059363;0204800
110;034600;065036;0225025;059454;0205710
110;034700;065163;0226115;059545;0206620
110;034800;065290;0227210;059636;0207535
110;034900;065418;0228310;059727;0208445
110;035000;065545;0229410;059818;0209365
110;035100;065673;0230510;059909;0210280
110;035200;065800;0231615;060000;0211200
110;035300;065926;0232720;060090;0212120
110;035400;066053;0233830;060181;0213040
110;035500;066181;0234945;060272;0213965
110;035600;066308;0236055;060363;0214890
110;035700;066436;0237175;060454;0215820
110;035800;066563;0238295;060545;0216750
110;035900;066690;0239415;060636;0217685
110;036000;066818;0240545;060727;0218615
110;036100;066945;0241670;060818;0219555
110;036200;067073;0242805;060909;0220490
110;036300;067200;0243935;061000;0221430
110;036400;067326;0245065;061090;0222370
110;036500;067453;0246205;061181;0223310
110;036600;067581;0247345;061272;0224255
110;036700;067708;0248490;061363;0225200
110;036800;067836;0249635;061454;0226150
110;036900;067963;0250785;061545;0227100
110;037000;068090;0251935;061636;0228055
110;037100;068218;0253090;061727;0229005
110;037200;068345;0254245;061818;0229965
110;037300;068473;0255405;061909;0230920
110;037400;068600;0256565;062000;0231880
110;037500;068726;0257725;062090;0232840
110;037600;068853;0258885;062181;0233800
110;037700;068981;0260060;062272;0234765
110;037800;069108;0261230;062363;0235730
110;037900;069236;0262405;062454;0236700
110;038000;069363;0263580;062545;0237670
110;038100;069490;0264755;062636;0238645
110;038200;069618;0265940;062727;0239615
110;038300;069745;0267125;062818;0240595
110;038400;069873;0268310;062909;0241570
110;038500;070000;0269500;063000;0242550
110;038600;070126;0270685;063090;0243525
110;038700;070253;0271880;063181;0244510
110;038800;070381;0273080;063272;0245495
110;038900;070508;0274275;063363;0246480
110;039000;070636;0275480;063454;0247470
110;039100;070763;0276685;063545;0248460
110;039200;070890;0277890;063636;0249455
110;039300;071018;0279100;063727;0250445
110;039400;071145;0280310;063818;0251445
110;039500;071273;0281530;063909;0252440
110;039600;071400;0282745;064000;0253440
110;039700;071526;0283960;064090;0254435
110;039800;071653;0285180;064181;0255440
110;039900;071781;0286405;064272;0256445
110;040000;071908;0287630;064363;0257450
110;040100;072036;0288865;064454;0258460
110;040200;072163;0290095;064545;0259470
110;040300;072290;0291330;064636;0260485
110;040400;072418;0292570;064727;0261495
110;040500;072545;0293805;064818;0262515
110;040600;072673;0295050;064909;0263530
110;040700;072800;0296295;065000;0264550
110;040800;072926;0297540;065090;0265565
110;040900;073053;0298785;065181;0266590
110;041000;073181;0300040;065272;0267615
110;041100;073308;0301295;065363;0268640
110;041200;073436;0302555;065454;0269670
110;041300;073563;0303815;065545;0270700
110;041400;073690;0305075;065636;0271735
110;041500;073818;0306345;065727;0272765
110;041600;073945;0307610;065818;0273805
110;041700;074073;0308885;065909;0274840
110;041800;074200;0310155;066000;0275880
110;041900;074326;0311425;066090;0276915
110;042000;074453;0312705;066181;0277960
110;042100;074581;0313985;066272;0279005
110;042200;074708;0315270;066363;0280050
110;042300;074836;0316555;066454;0281100
110;042400;074963;0317845;066545;0282150
110;042500;075090;0319135;066636;0283205
110;042600;075218;0320430;066727;0284255
110;042700;075345;0321725;066818;0285315
110;042800;075473;0323025;066909;0286370
110;042900;075600;0324325;067000;0287430
110;043000;075726;0325620;067090;0288485
110;043100;075853;0326925;067181;0289550
110;043200;075981;0328240;067272;0290615
110;043300;076108;0329550;067363;0291680
110;043400;076236;0330865;067454;0292750
110;043500;076363;0332180;067545;0293820
110;043600;076490;0333495;067636;0294895
110;043700;076618;0334820;067727;0295965
110;043800;076745;0336145;067818;0297045
110;043900;076873;0337470;067909;0298120
110;044000;077000;0338800;068000;0299200
110;044100;077117;0340085;068063;0300160
110;044200;077235;0341380;068127;0301120
110;044300;077354;0342680;068190;0302080
110;044400;077472;0343975;068254;0303050
110;044500;077590;0345275;068318;0304015
110;044600;077709;0346580;068382;0304985
110;044700;077827;0347885;068445;0305950
110;044800;077945;0349195;068509;0306920
110;044900;078063;0350505;068573;0307895
110;045000;078182;0351820;068636;0308860
110;045100;078300;0353135;068700;0309835
110;045200;078417;0354445;068763;0310810
110;045300;078535;0355765;068827;0311785
110;045400;078654;0357090;068890;0312760
110;045500;078772;0358415;068954;0313740
110;045600;078890;0359740;069018;0314720
110;045700;079009;0361070;069082;0315705
110;045800;079127;0362400;069145;0316685
110;045900;079245;0363735;069209;0317670
110;046000;079363;0365070;069273;0318655
110;046100;079482;0366410;069336;0319640
110;046200;079600;0367750;069400;0320630
110;046300;079717;0369090;069463;0321615
110;046400;079835;0370435;069527;0322605
110;046500;079954;0371785;069590;0323595
110;046600;080072;0373135;069654;0324590
110;046700;080190;0374485;069718;0325585
110;046800;080309;0375845;069782;0326580
110;046900;080427;0377205;069845;0327575
110;047000;080545;0378560;069909;0328570
110;047100;080663;0379925;069973;0329575
110;047200;080782;0381290;070036;0330570
110;047300;080900;0382655;070100;0331575
110;047400;081017;0384020;070163;0332575
110;047500;081135;0385390;070227;0333580
110;047600;081254;0386770;070290;0334580
110;047700;081372;0388145;070354;0335590
110;047800;081490;0389520;070418;0336600
110;047900;081609;0390905;070482;0337610
110;048000;081727;0392290;070545;0338615
110;048100;081845;0393675;070609;0339630
110;048200;081963;0395060;070673;0340645
110;048300;082082;0396455;070736;0341655
110;048400;082200;0397850;070800;0342670
110;048500;082317;0399235;070863;0343685
110;048600;082435;0400635;070927;0344705
110;048700;082554;0402040;070990;0345720
110;048800;082672;0403440;071054;0346745
110;048900;082790;0404845;071118;0347765
110;049000;082909;0406255;071182;0348790
110;049100;083027;0407665;071245;0349815
110;049200;083145;0409075;071309;0350840
110;049300;083263;0410485;071373;0351870
110;049400;083382;0411905;071436;0352895
110;049500;083500;0413325;071500;0353925
110;049600;083617;0414740;071563;0354950
110;049700;083735;0416165;071627;0355985
110;049800;083854;0417595;071690;0357015
110;049900;083972;0419020;071754;0358050
110;050000;084090;0420450;071818;0359090
110;050100;084209;0421885;071882;0360130
110;050200;084327;0423320;071945;0361165
110;050300;084445;0424760;072009;0362205
110;050400;084563;0426200;072073;0363250
110;050500;084682;0427645;072136;0364285
110;050600;084800;0429090;072200;0365330
110;050700;084917;0430530;072263;0366375
110;050800;085035;0431980;072327;0367420
110;050900;085154;0433435;072390;0368465
110;051000;085272;0434885;072454;0369515
110;051100;085390;0436345;072518;0370565
110;051200;085509;0437805;072582;0371620
110;051300;085627;0439265;072645;0372670
110;051400;085745;0440730;072709;0373725
110;051500;085863;0442195;072773;0374780
110;051600;085982;0443665;072836;0375835
110;051700;086100;0445135;072900;0376895
110;051800;086217;0446605;072963;0377950
110;051900;086335;0448080;073027;0379010
110;052000;086454;0449560;073090;0380070
110;052100;086572;0451040;073154;0381130
110;052200;086690;0452520;073218;0382200
110;052300;086809;0454010;073282;0383265
110;052400;086927;0455495;073345;0384330
110;052500;087045;0456985;073409;0385395
110;052600;087163;0458475;073473;0386470
110;052700;087282;0459975;073536;0387535
110;052800;087400;0461470;073600;0388610
110;052900;087517;0462965;073663;0389675
110;053000;087635;0464465;073727;0390755
110;053100;087754;0465975;073790;0391825
110;053200;087872;0467480;073854;0392905
110;053300;087990;0468985;073918;0393985
110;053400;088109;0470500;073982;0395065
110;053500;088227;0472015;074045;0396140
110;053600;088345;0473530;074109;0397225
110;053700;088463;0475045;074173;0398310
110;053800;088582;0476570;074236;0399390
110;053900;088700;0478095;074300;0400475
110;054000;088817;0479610;074363;0401560
110;054100;088935;0481140;074427;0402650
110;054200;089054;0482675;074490;0403735
110;054300;089172;0484205;074554;0404830
110;054400;089290;0485740;074618;0405920
110;054500;089409;0487280;074682;0407015
110;054600;089527;0488815;074745;0408110
110;054700;089645;0490360;074809;0409205
110;054800;089763;0491900;074873;0410305
110;054900;089882;0493450;074936;0411400
110;055000;090000;0495000;075000;0412500
110;055100;090135;0496645;075045;0413500
110;055200;090272;0498300;075091;0414500
110;055300;090408;0499955;075136;0415500
110;055400;090545;0501620;075182;0416510
110;055500;090681;0503280;075227;0417510
110;055600;090818;0504950;075273;0418520
110;055700;090954;0506615;075318;0419520
110;055800;091091;0508290;075364;0420530
110;055900;091227;0509960;075409;0421535
110;056000;091364;0511640;075455;0422550
110;056100;091500;0513315;075500;0423555
110;056200;091635;0514990;075545;0424565
110;056300;091772;0516675;075591;0425575
110;056400;091908;0518360;075636;0426585
110;056500;092045;0520055;075682;0427605
110;056600;092181;0521745;075727;0428615
110;056700;092318;0523445;075773;0429635
110;056800;092454;0525140;075818;0430645
110;056900;092591;0526845;075864;0431665
110;057000;092727;0528545;075909;0432680
110;057100;092864;0530255;075955;0433705
110;057200;093000;0531960;076000;0434720
110;057300;093135;0533665;076045;0435740
110;057400;093272;0535380;076091;0436760
110;057500;093408;0537095;076136;0437780
110;057600;093545;0538820;076182;0438810
110;057700;093681;0540540;076227;0439830
110;057800;093818;0542270;076273;0440860
110;057900;093954;0543995;076318;0441880
110;058000;094091;0545730;076364;0442910
110;058100;094227;0547460;076409;0443935
110;058200;094364;0549200;076455;0444970
110;058300;094500;0550935;076500;0445995
110;058400;094635;0552670;076545;0447025
110;058500;094772;0554415;076591;0448055
110;058600;094908;0556160;076636;0449085
110;058700;095045;0557915;076682;0450125
110;058800;095181;0559665;076727;0451155
110;058900;095318;0561425;076773;0452195
110;059000;095454;0563180;076818;0453225
110;059100;095591;0564945;076864;0454265
110;059200;095727;0566705;076909;0455300
110;059300;095864;0568475;076955;0456345
110;059400;096000;0570240;077000;0457380
110;059500;096135;0572005;077045;0458420
110;059600;096272;0573780;077091;0459460
110;059700;096408;0575555;077136;0460500
110;059800;096545;0577340;077182;0461550
110;059900;096681;0579120;077227;0462590
110;060000;096818;0580910;077273;0463640
110;060100;096954;0582695;077318;0464680
110;060200;097091;0584490;077364;0465730
110;060300;097227;0586280;077409;0466775
110;060400;097364;0588080;077455;0467830
110;060500;097500;0589875;077500;0468875
110;060600;097635;0591670;077545;0469925
110;060700;097772;0593475;077591;0470975
110;060800;097908;0595280;077636;0472025
110;060900;098045;0597095;077682;0473085
110;061000;098181;0598905;077727;0474135
110;061100;098318;0600725;077773;0475195
110;061200;098454;0602540;077818;0476245
110;061300;098591;0604365;077864;0477305
110;061400;098727;0606185;077909;0478360
110;061500;098864;0608015;077955;0479425
110;061600;099000;0609840;078000;0480480
110;061700;099135;0611665;078045;0481540
110;061800;099272;0613500;078091;0482600
110;061900;099408;0615335;078136;0483660
110;062000;099545;0617180;078182;0484730
110;062100;099681;0619020;078227;0485790
110;062200;099818;0620870;078273;0486860
110;062300;099954;0622715;078318;0487920
110;062400;100091;0624570;078364;0488990
110;062500;100227;0626420;078409;0490055
110;062600;100364;0628280;078455;0491130
110;062700;100500;0630135;078500;0492195
110;062800;100635;0631990;078545;0493265
110;062900;100772;0633855;078591;0494335
110;063000;100908;0635720;078636;0495405
110;063100;101045;0637595;078682;0496485
110;063200;101181;0639465;078727;0497555
110;063300;101318;0641345;078773;0498635
110;063400;101454;0643220;078818;0499705
110;063500;101591;0645105;078864;0500785
110;063600;101727;0646985;078909;0501860
110;063700;101864;0648875;078955;0502945
110;063800;102000;0650760;079000;0504020
110;063900;102135;0652645;079045;0505100
110;064000;102272;0654540;079091;0506180
110;064100;102408;0656435;079136;0507260
110;064200;102545;0658340;079182;0508350
110;064300;102681;0660240;079227;0509430
110;064400;102818;0662150;079273;0510520
110;064500;102954;0664055;079318;0511600
110;064600;103091;0665970;079364;0512690
110;064700;103227;0667880;079409;0513775
110;064800;103364;0669800;079455;0514870
110;064900;103500;0671715;079500;0515955
110;065000;103635;0673630;079545;0517045
110;065100;103772;0675555;079591;0518135
110;065200;103908;0677480;079636;0519225
110;065300;104045;0679415;079682;0520325
110;065400;104181;0681345;079727;0521415
110;065500;104318;0683285;079773;0522515
110;065600;104454;0685220;079818;0523605
110;065700;104591;0687165;079864;0524705
110;065800;104727;0689105;079909;0525800
110;065900;104864;0691055;079955;0526905
110;066000;105000;0693000;080000;0528000
110;066100;105117;0694825;080036;0529040
110;066200;105235;0696655;080072;0530075
110;066300;105354;0698495;080109;0531125
110;066400;105472;0700335;080145;0532165
110;066500;105590;0702175;080182;0533210
110;066600;105709;0704020;080218;0534250
110;066700;105827;0705865;080254;0535295
110;066800;105945;0707715;080291;0536345
110;066900;106063;0709560;080327;0537390
110;067000;106182;0711420;080364;0538440
110;067100;106300;0713275;080400;0539485
110;067200;106417;0715120;080436;0540530
110;067300;106535;0716980;080472;0541575
110;067400;106654;0718850;080509;0542630
110;067500;106772;0720710;080545;0543680
110;067600;106890;0722575;080582;0544735
110;067700;107009;0724450;080618;0545785
110;067800;107127;0726320;080654;0546835
110;067900;107245;0728195;080691;0547890
110;068000;107363;0730070;080727;0548945
110;068100;107482;0731950;080764;0550005
110;068200;107600;0733830;080800;0551055
110;068300;107717;0735705;080836;0552110
110;068400;107835;0737590;080872;0553165
110;068500;107954;0739485;080909;0554225
110;068600;108072;0741375;080945;0555285
110;068700;108190;0743265;080982;0556345
110;068800;108309;0745165;081018;0557405
110;068900;108427;0747060;081054;0558460
110;069000;108545;0748960;081091;0559530
110;069100;108663;0750860;081127;0560590
110;069200;108782;0752770;081164;0561655
110;069300;108900;0754675;081200;0562715
110;069400;109017;0756580;081236;0563780
110;069500;109135;0758490;081272;0564840
110;069600;109254;0760410;081309;0565910
110;069700;109372;0762325;081345;0566975
110;069800;109490;0764240;081382;0568045
110;069900;109609;0766165;081418;0569110
110;070000;109727;0768090;081454;0570180
110;070100;109845;0770015;081491;0571250
110;070200;109963;0771940;081527;0572320
110;070300;110082;0773875;081564;0573395
110;070400;110200;0775810;081600;0574465
110;070500;110317;0777735;081636;0575535
110;070600;110435;0779670;081672;0576605
110;070700;110554;0781615;081709;0577685
110;070800;110672;0783560;081745;0578755
110;070900;110790;0785500;081782;0579835
110;071000;110909;0787455;081818;0580910
110;071100;111027;0789400;081854;0581980
110;071200;111145;0791350;081891;0583065
110;071300;111263;0793305;081927;0584140
110;071400;111382;0795265;081964;0585225
110;071500;111500;0797225;082000;0586300
110;071600;111617;0799180;082036;0587380
110;071700;111735;0801140;082072;0588455
110;071800;111854;0803110;082109;0589545
110;071900;111972;0805080;082145;0590625
110;072000;112090;0807050;082182;0591710
110;072100;112209;0809025;082218;0592790
110;072200;112327;0811000;082254;0593875
110;072300;112445;0812975;082291;0594965
110;072400;112563;0814955;082327;0596045
110;072500;112682;0816945;082364;0597140
110;072600;112800;0818930;082400;0598225
110;072700;112917;0820905;082436;0599310
110;072800;113035;0822895;082472;0600395
110;072900;113154;0824895;082509;0601490
110;073000;113272;0826885;082545;0602580
110;073100;113390;0828880;082582;0603675
110;073200;113509;0830885;082618;0604765
110;073300;113627;0832885;082654;0605855
110;073400;113745;0834890;082691;0606950
110;073500;113863;0836895;082727;0608045
110;073600;113982;0838910;082764;0609145
110;073700;114100;0840915;082800;0610235
110;073800;114217;0842920;082836;0611330
110;073900;114335;0844935;082872;0612425
110;074000;114454;0846960;082909;0613525
110;074100;114572;0848980;082945;0614620
110;074200;114690;0851000;082982;0615725
110;074300;114809;0853030;083018;0616825
110;074400;114927;0855055;083054;0617920
110;074500;115045;0857085;083091;0619030
110;074600;115163;0859115;083127;0620125
110;074700;115282;0861155;083164;0621235
110;074800;115400;0863190;083200;0622335
110;074900;115517;0865220;083236;0623440
110;075000;115635;0867265;083272;0624540
110;075100;115754;0869315;083309;0625650
110;075200;115872;0871355;083345;0626755
110;075300;115990;0873405;083382;0627865
110;075400;116109;0875460;083418;0628970
110;075500;116227;0877515;083454;0630080
110;075600;116345;0879570;083491;0631190
110;075700;116463;0881625;083527;0632300
110;075800;116582;0883690;083564;0633415
110;075900;116700;0885755;083600;0634525
110;076000;116817;0887810;083636;0635635
110;076100;116935;0889875;083672;0636745
110;076200;117054;0891950;083709;0637865
110;076300;117172;0894020;083745;0638975
110;076400;117290;0896095;083782;0640095
110;076500;117409;0898180;083818;0641210
110;076600;117527;0900255;083854;0642320
110;076700;117645;0902335;083891;0643445
110;076800;117763;0904420;083927;0644560
110;076900;117882;0906515;083964;0645685
110;077000;118000;0908600;084000;0646800
110;077100;118108;0910615;084036;0647920
110;077200;118217;0912635;084072;0649035
110;077300;118326;0914660;084109;0650165
110;077400;118436;0916695;084145;0651280
110;077500;118545;0918725;084182;0652410
110;077600;118654;0920755;084218;0653530
110;077700;118763;0922790;084254;0654655
110;077800;118872;0924825;084291;0655785
110;077900;118982;0926870;084327;0656905
110;078000;119091;0928910;084364;0658040
110;078100;119200;0930950;084400;0659165
110;078200;119308;0932990;084436;0660290
110;078300;119417;0935035;084472;0661415
110;078400;119526;0937085;084509;0662550
110;078500;119636;0939145;084545;0663680
110;078600;119745;0941195;084582;0664815
110;078700;119854;0943250;084618;0665945
110;078800;119963;0945310;084654;0667075
110;078900;120072;0947370;084691;0668210
110;079000;120182;0949440;084727;0669345
110;079100;120291;0951500;084764;0670485
110;079200;120400;0953570;084800;0671615
110;079300;120508;0955630;084836;0672750
110;079400;120617;0957700;084872;0673885
110;079500;120726;0959770;084909;0675025
110;079600;120836;0961855;084945;0676160
110;079700;120945;0963930;084982;0677305
110;079800;121054;0966010;085018;0678445
110;079900;121163;0968090;085054;0679580
110;080000;121272;0970175;085091;0680730
110;080100;121382;0972270;085127;0681865
110;080200;121491;0974360;085164;0683015
110;080300;121600;0976450;085200;0684155
110;080400;121708;0978530;085236;0685295
110;080500;121817;0980625;085272;0686440
110;080600;121926;0982725;085309;0687590
110;080700;122036;0984830;085345;0688735
110;080800;122145;0986930;085382;0689885
110;080900;122254;0989035;085418;0691030
110;081000;122363;0991140;085454;0692175
110;081100;122472;0993250;085491;0693330
110;081200;122582;0995365;085527;0694480
110;081300;122691;0997480;085564;0695635
110;081400;122800;0999590;085600;0696785
110;081500;122908;1001700;085636;0697935
110;081600;123017;1003820;085672;0699085
110;081700;123126;1005940;085709;0700245
110;081800;123236;1008070;085745;0701395
110;081900;123345;1010195;085782;0702555
110;082000;123454;1012325;085818;0703710
110;082100;123563;1014450;085854;0704860
110;082200;123672;1016585;085891;0706025
110;082300;123782;1018725;085927;0707180
110;082400;123891;1020860;085964;0708345
110;082500;124000;1023000;086000;0709500
110;082600;124108;1025130;086036;0710655
110;082700;124217;1027275;086072;0711815
110;082800;124326;1029420;086109;0712985
110;082900;124436;1031575;086145;0714140
110;083000;124545;1033725;086182;0715310
110;083100;124654;1035875;086218;0716470
110;083200;124763;1038030;086254;0717635
110;083300;124872;1040185;086291;0718805
110;083400;124982;1042350;086327;0719965
110;083500;125091;1044510;086364;0721140
110;083600;125200;1046670;086400;0722305
110;083700;125308;1048830;086436;0723470
110;083800;125417;1050995;086472;0724635
110;083900;125526;1053165;086509;0725810
110;084000;125636;1055340;086545;0726980
110;084100;125745;1057515;086582;0728155
110;084200;125854;1059690;086618;0729325
110;084300;125963;1061870;086654;0730495
110;084400;126072;1064050;086691;0731670
110;084500;126182;1066240;086727;0732845
110;084600;126291;1068420;086764;0734025
110;084700;126400;1070610;086800;0735195
110;084800;126508;1072790;086836;0736370
110;084900;126617;1074980;086872;0737545
110;085000;126726;1077170;086909;0738725
110;085100;126836;1079375;086945;0739900
110;085200;126945;1081570;086982;0741085
110;085300;127054;1083770;087018;0742265
110;085400;127163;1085970;087054;0743440
110;085500;127272;1088175;087091;0744630
110;085600;127382;1090390;087127;0745805
110;085700;127491;1092600;087164;0746995
110;085800;127600;1094810;087200;0748175
110;085900;127708;1097010;087236;0749355
110;086000;127817;1099225;087272;0750540
110;086100;127926;1101445;087309;0751730
110;086200;128036;1103670;087345;0752915
110;086300;128145;1105890;087382;0754105
110;086400;128254;1108115;087418;0755290
110;086500;128363;1110340;087454;0756475
110;086600;128472;1112570;087491;0757670
110;086700;128582;1114805;087527;0758860
110;086800;128691;1117040;087564;0760055
110;086900;128800;1119270;087600;0761245
110;087000;128908;1121500;087636;0762435
110;087100;129017;1123740;087672;0763625
110;087200;129126;1125980;087709;0764820
110;087300;129236;1128230;087745;0766015
110;087400;129345;1130475;087782;0767215
110;087500;129454;1132725;087818;0768410
110;087600;129563;1134970;087854;0769600
110;087700;129672;1137225;087891;0770805
110;087800;129782;1139485;087927;0772000
110;087900;129891;1141740;087964;0773205
110;088000;130000;1144000;088000;0774400
110;088100;130027;1145540;088018;0775440
110;088200;130054;1147075;088036;0776480
110;088300;130082;1148625;088054;0777515
110;088400;130109;1150165;088073;0778565
110;088500;130136;1151705;088091;0779605
110;088600;130164;1153255;088109;0780645
110;088700;130191;1154795;088127;0781685
110;088800;130218;1156335;088145;0782730
110;088900;130245;1157880;088164;0783780
110;089000;130273;1159430;088182;0784820
110;089100;130300;1160975;088200;0785860
110;089200;130327;1162515;088218;0786905
110;089300;130354;1164060;088236;0787945
110;089400;130382;1165615;088254;0788990
110;089500;130409;1167160;088273;0790045
110;089600;130436;1168705;088291;0791085
110;089700;130464;1170260;088309;0792130
110;089800;130491;1171810;088327;0793175
110;089900;130518;1173355;088345;0794220
110;090000;130545;1174905;088364;0795275
110;090100;130573;1176465;088382;0796320
110;090200;130600;1178010;088400;0797370
110;090300;130627;1179560;088418;0798415
110;090400;130654;1181110;088436;0799460
110;090500;130682;1182670;088454;0800510
110;090600;130709;1184225;088473;0801565
110;090700;130736;1185775;088491;0802615
110;090800;130764;1187335;088509;0803660
110;090900;130791;1188890;088527;0804710
110;091000;130818;1190445;088545;0805760
110;091100;130845;1192000;088564;0806820
110;091200;130873;1193560;088582;0807870
110;091300;130900;1195115;088600;0808920
110;091400;130927;1196675;088618;0809970
110;091500;130954;1198230;088636;0811020
110;091600;130982;1199795;088654;0812070
110;091700;131009;1201355;088673;0813130
110;091800;131036;1202910;088691;0814185
110;091900;131064;1204480;088709;0815235
110;092000;131091;1206035;088727;0816290
110;092100;131118;1207595;088745;0817340
110;092200;131145;1209155;088764;0818405
110;092300;131173;1210725;088782;0819460
110;092400;131200;1212290;088800;0820510
110;092500;131227;1213850;088818;0821565
110;092600;131254;1215410;088836;0822620
110;092700;131282;1216985;088854;0823675
110;092800;131309;1218550;088873;0824740
110;092900;131336;1220110;088891;0825795
110;093000;131364;1221685;088909;0826855
110;093100;131391;1223250;088927;0827910
110;093200;131418;1224815;088945;0828965
110;093300;131445;1226380;088964;0830035
110;093400;131473;1227960;088982;0831090
110;093500;131500;1229525;089000;0832150
110;093600;131527;1231095;089018;0833210
110;093700;131554;1232660;089036;0834265
110;093800;131582;1234240;089054;0835325
110;093900;131609;1235810;089073;0836395
110;094000;131636;1237380;089091;0837455
110;094100;131664;1238960;089109;0838515
110;094200;131691;1240530;089127;0839575
110;094300;131718;1242100;089145;0840635
110;094400;131745;1243675;089164;0841710
110;094500;131773;1245255;089182;0842770
110;094600;131800;1246830;089200;0843830
110;094700;131827;1248400;089218;0844895
110;094800;131854;1249975;089236;0845955
110;094900;131882;1251560;089254;0847020
110;095000;131909;1253135;089273;0848095
110;095100;131936;1254710;089291;0849155
110;095200;131964;1256295;089309;0850220
110;095300;131991;1257875;089327;0851285
110;095400;132018;1259450;089345;0852350
110;095500;132045;1261030;089364;0853425
110;095600;132073;1262620;089382;0854490
110;095700;132100;1264195;089400;0855560
110;095800;132127;1265775;089418;0856625
110;095900;132154;1267355;089436;0857690
110;096000;132182;1268945;089454;0858760
110;096100;132209;1270530;089473;0859835
110;096200;132236;1272110;089491;0860905
110;096300;132264;1273700;089509;0861970
110;096400;132291;1275285;089527;0863040
110;096500;132318;1276870;089545;0864110
110;096600;132345;1278455;089564;0865190
110;096700;132373;1280045;089582;0866260
110;096800;132400;1281630;089600;0867330
110;096900;132427;1283220;089618;0868400
110;097000;132454;1284805;089636;0869470
110;097100;132482;1286400;089654;0870540
110;097200;132509;1287985;089673;0871620
110;097300;132536;1289575;089691;0872695
110;097400;132564;1291175;089709;0873765
110;097500;132591;1292760;089727;0874840
110;097600;132618;1294350;089745;0875910
110;097700;132645;1295940;089764;0876995
110;097800;132673;1297540;089782;0878070
110;097900;132700;1299135;089800;0879140
110;098000;132727;1300725;089818;0880215
110;098100;132754;1302315;089836;0881290
110;098200;132782;1303920;089854;0882365
110;098300;132809;1305510;089873;0883450
110;098400;132836;1307105;089891;0884525
110;098500;132864;1308710;089909;0885605
110;098600;132891;1310305;089927;0886680
110;098700;132918;1311900;089945;0887755
110;098800;132945;1313495;089964;0888845
110;098900;132973;1315105;089982;0889920
110;099000;133000;1316700;090000;0891000
110;099100;133018;1318210;090009;0891990
110;099200;133036;1319715;090018;0892980
110;099300;133054;1321225;090027;0893970
110;099400;133073;1322745;090036;0894960
110;099500;133091;1324255;090045;0895950
110;099600;133109;1325765;090055;0896950
110;099700;133127;1327275;090064;0897940
110;099800;133145;1328785;090073;0898930
110;099900;133164;1330310;090082;0899920
110;100000;133182;1331820;090091;0900910
110;100100;133200;1333330;090100;0901900
110;100200;133218;1334845;090109;0902890
110;100300;133236;1336355;090118;0903885
110;100400;133254;1337870;090127;0904875
110;100500;133273;1339395;090136;0905865
110;100600;133291;1340905;090145;0906860
110;100700;133309;1342420;090155;0907860
110;100800;133327;1343935;090164;0908855
110;100900;133345;1345450;090173;0909845
110;101000;133364;1346975;090182;0910840
110;101100;133382;1348490;090191;0911830
110;101200;133400;1350010;090200;0912825
110;101300;133418;1351525;090209;0913815
110;101400;133436;1353040;090218;0914810
110;101500;133454;1354560;090227;0915805
110;101600;133473;1356085;090236;0916800
110;101700;133491;1357605;090245;0917790
110;101800;133509;1359120;090255;0918795
110;101900;133527;1360640;090264;0919790
110;102000;133545;1362160;090273;0920785
110;102100;133564;1363690;090282;0921780
110;102200;133582;1365210;090291;0922775
110;102300;133600;1366730;090300;0923770
110;102400;133618;1368250;090309;0924765
110;102500;133636;1369770;090318;0925760
110;102600;133654;1371290;090327;0926755
110;102700;133673;1372820;090336;0927750
110;102800;133691;1374345;090345;0928745
110;102900;133709;1375865;090355;0929755
110;103000;133727;1377390;090364;0930750
110;103100;133745;1378910;090373;0931745
110;103200;133764;1380445;090382;0932740
110;103300;133782;1381970;090391;0933740
110;103400;133800;1383490;090400;0934735
110;103500;133818;1385015;090409;0935735
110;103600;133836;1386540;090418;0936730
110;103700;133854;1388065;090427;0937730
110;103800;133873;1389600;090436;0938725
110;103900;133891;1391125;090445;0939725
110;104000;133909;1392655;090455;0940730
110;104100;133927;1394180;090464;0941730
110;104200;133945;1395705;090473;0942730
110;104300;133964;1397245;090482;0943725
110;104400;133982;1398770;090491;0944725
110;104500;134000;1400300;090500;0945725
110;104600;134018;1401830;090509;0946725
110;104700;134036;1403355;090518;0947725
110;104800;134054;1404885;090527;0948725
110;104900;134073;1406425;090536;0949725
110;105000;134091;1407955;090545;0950725
110;105100;134109;1409485;090555;0951735
110;105200;134127;1411015;090564;0952735
110;105300;134145;1412545;090573;0953735
110;105400;134164;1414090;090582;0954735
110;105500;134182;1415620;090591;0955735
110;105600;134200;1417150;090600;0956735
110;105700;134218;1418685;090609;0957735
110;105800;134236;1420215;090618;0958740
110;105900;134254;1421750;090627;0959740
110;106000;134273;1423295;090636;0960740
110;106100;134291;1424830;090645;0961745
110;106200;134309;1426360;090655;0962755
110;106300;134327;1427895;090664;0963760
110;106400;134345;1429430;090673;0964760
110;106500;134364;1430975;090682;0965765
110;106600;134382;1432510;090691;0966765
110;106700;134400;1434050;090700;0967770
110;106800;134418;1435585;090709;0968770
110;106900;134436;1437120;090718;0969775
110;107000;134454;1438660;090727;0970780
110;107100;134473;1440205;090736;0971785
110;107200;134491;1441745;090745;0972785
110;107300;134509;1443280;090755;0973800
110;107400;134527;1444820;090764;0974805
110;107500;134545;1446360;090773;0975810
110;107600;134564;1447910;090782;0976815
110;107700;134582;1449450;090791;0977820
110;107800;134600;1450990;090800;0978825
110;107900;134618;1452530;090809;0979830
110;108000;134636;1454070;090818;0980835
110;108100;134654;1455610;090827;0981840
110;108200;134673;1457160;090836;0982845
110;108300;134691;1458705;090845;0983850
110;108400;134709;1460245;090855;0984870
110;108500;134727;1461790;090864;0985875
110;108600;134745;1463330;090873;0986880
110;108700;134764;1464885;090882;0987885
110;108800;134782;1466430;090891;0988895
110;108900;134800;1467970;090900;0989900
110;109000;134818;1469515;090909;0990910
110;109100;134836;1471060;090918;0991915
110;109200;134854;1472605;090927;0992925
110;109300;134873;1474160;090936;0993930
110;109400;134891;1475710;090945;0994940
110;109500;134909;1477255;090955;0995955
110;109600;134927;1478800;090964;0996965
110;109700;134945;1480345;090973;0997975
110;109800;134964;1481905;090982;0998980
110;109900;134982;1483450;090991;0999990
110;110000;135000;1485000;091000;1001000
110;110100;135005;1486405;091009;1002010
110;110200;135009;1487800;091018;1003020
110;110300;135014;1489205;091027;1004030
110;110400;135018;1490600;091036;1005035
110;110500;135023;1492005;091045;1006045
110;110600;135027;1493400;091055;1007070
110;110700;135032;1494805;091064;1008080
110;110800;135036;1496200;091073;1009090
110;110900;135041;1497605;091082;1010100
110;111000;135045;1499000;091091;1011110
110;111100;135050;1500405;091100;1012120
110;111200;135055;1501810;091109;1013130
110;111300;135059;1503205;091118;1014145
110;111400;135064;1504615;091127;1015155
110;111500;135068;1506010;091136;1016165
110;111600;135073;1507415;091145;1017180
110;111700;135077;1508810;091155;1018200
110;111800;135082;1510215;091164;1019215
110;111900;135086;1511610;091173;1020225
110;112000;135091;1513020;091182;1021240
110;112100;135095;1514415;091191;1022250
110;112200;135100;1515820;091200;1023265
110;112300;135105;1517230;091209;1024275
110;112400;135109;1518625;091218;1025290
110;112500;135114;1520035;091227;1026305
110;112600;135118;1521430;091236;1027315
110;112700;135123;1522835;091245;1028330
110;112800;135127;1524235;091255;1029355
110;112900;135132;1525640;091264;1030370
110;113000;135136;1527035;091273;1031385
110;113100;135141;1528445;091282;1032400
110;113200;135145;1529840;091291;1033415
110;113300;135150;1531250;091300;1034430
110;113400;135155;1532660;091309;1035445
110;113500;135159;1534055;091318;1036460
110;113600;135164;1535465;091327;1037475
110;113700;135168;1536860;091336;1038490
110;113800;135173;1538270;091345;1039505
110;113900;135177;1539665;091355;1040535
110;114000;135182;1541075;091364;1041550
110;114100;135186;1542470;091373;1042565
110;114200;135191;1543880;091382;1043580
110;114300;135195;1545280;091391;1044600
110;114400;135200;1546690;091400;1045615
110;114500;135205;1548095;091409;1046635
110;114600;135209;1549495;091418;1047650
110;114700;135214;1550905;091427;1048670
110;114800;135218;1552305;091436;1049685
110;114900;135223;1553710;091445;1050705
110;115000;135227;1555110;091455;1051735
110;115100;135232;1556520;091464;1052750
110;115200;135236;1557920;091473;1053770
110;115300;135241;1559330;091482;1054785
110;115400;135245;1560725;091491;1055805
110;115500;135250;1562140;091500;1056825
110;115600;135255;1563550;091509;1057845
110;115700;135259;1564945;091518;1058865
110;115800;135264;1566355;091527;1059885
110;115900;135268;1567755;091536;1060900
110;116000;135273;1569165;091545;1061920
110;116100;135277;1570565;091555;1062955
110;116200;135282;1571975;091564;1063975
110;116300;135286;1573375;091573;1064995
110;116400;135291;1574785;091582;1066015
110;116500;135295;1576185;091591;1067035
110;116600;135300;1577600;091600;1068055
110;116700;135305;1579010;091609;1069075
110;116800;135309;1580410;091618;1070100
110;116900;135314;1581820;091627;1071120
110;117000;135318;1583220;091636;1072140
110;117100;135323;1584630;091645;1073165
110;117200;135327;1586030;091655;1074195
110;117300;135332;1587445;091664;1075220
110;117400;135336;1588845;091673;1076240
110;117500;135341;1590255;091682;1077265
110;117600;135345;1591655;091691;1078285
110;117700;135350;1593070;091700;1079310
110;117800;135355;1594480;091709;1080330
110;117900;135359;1595885;091718;1081355
110;118000;135364;1597295;091727;1082380
110;118100;135368;1598695;091736;1083400
110;118200;135373;1600110;091745;1084425
110;118300;135377;1601510;091755;1085460
110;118400;135382;1602925;091764;1086485
110;118500;135386;1604325;091773;1087510
110;118600;135391;1605735;091782;1088535
110;118700;135395;1607140;091791;1089560
110;118800;135400;1608550;091800;1090585
110;118900;135405;1609965;091809;1091610
110;119000;135409;1611365;091818;1092635
110;119100;135414;1612780;091827;1093660
110;119200;135418;1614185;091836;1094685
110;119300;135423;1615595;091845;1095710
110;119400;135427;1617000;091855;1096750
110;119500;135432;1618410;091864;1097775
110;119600;135436;1619815;091873;1098800
110;119700;135441;1621230;091882;1099830
110;119800;135445;1622630;091891;1100855
110;119900;135450;1624045;091900;1101880
110;120000;135455;1625460;091909;1102910
110;120100;135459;1626865;091918;1103935
110;120200;135464;1628275;091927;1104965
110;120300;135468;1629680;091936;1105990
110;120400;135473;1631095;091945;1107020
110;120500;135477;1632500;091955;1108060
110;120600;135482;1633915;091964;1109085
110;120700;135486;1635315;091973;1110115
110;120800;135491;1636730;091982;1111145
110;120900;135495;1638135;091991;1112170
110;121000;135500;1639550;092000;1113200
110;121100;135505;1640965;092009;1114230
110;121200;135509;1642370;092018;1115260
110;121300;135514;1643785;092027;1116290
110;121400;135518;1645190;092036;1117315
110;121500;135523;1646605;092045;1118345
110;121600;135527;1648010;092055;1119390
110;121700;135532;1649425;092064;1120420
110;121800;135536;1650830;092073;1121450
110;121900;135541;1652245;092082;1122480
110;122000;135545;1653650;092091;1123510
110;122100;135550;1655065;092100;1124540
110;122200;135555;1656480;092109;1125570
110;122300;135559;1657885;092118;1126605
110;122400;135564;1659305;092127;1127635
110;122500;135568;1660710;092136;1128665
110;122600;135573;1662125;092145;1129700
110;122700;135577;1663530;092155;1130740
110;122800;135582;1664945;092164;1131775
110;122900;135586;1666350;092173;1132805
110;123000;135591;1667770;092182;1133840
110;123100;135595;1669175;092191;1134870
110;123200;135600;1670590;092200;1135905
110;123300;135605;1672010;092209;1136935
110;123400;135609;1673415;092218;1137970
110;123500;135614;1674835;092227;1139005
110;123600;135618;1676240;092236;1140035
110;123700;135623;1677655;092245;1141070
110;123800;135627;1679060;092255;1142115
110;123900;135632;1680480;092264;1143150
110;124000;135636;1681885;092273;1144185
110;124100;135641;1683305;092282;1145220
110;124200;135645;1684710;092291;1146255
110;124300;135650;1686130;092300;1147290
110;124400;135655;1687550;092309;1148325
110;124500;135659;1688955;092318;1149360
110;124600;135664;1690375;092327;1150395
110;124700;135668;1691780;092336;1151430
110;124800;135673;1693200;092345;1152465
110;124900;135677;1694605;092355;1153515
110;125000;135682;1696025;092364;1154550
110;125100;135686;1697430;092373;1155585
110;125200;135691;1698850;092382;1156625
110;125300;135695;1700260;092391;1157660
110;125400;135700;1701680;092400;1158695
110;125500;135705;1703100;092409;1159735
110;125600;135709;1704505;092418;1160770
110;125700;135714;1705925;092427;1161805
110;125800;135718;1707330;092436;1162845
110;125900;135723;1708755;092445;1163885
110;126000;135727;1710160;092455;1164935
110;126100;135732;1711580;092464;1165970
110;126200;135736;1712990;092473;1167010
110;126300;135741;1714410;092482;1168050
110;126400;135745;1715815;092491;1169085
110;126500;135750;1717240;092500;1170125
110;126600;135755;1718660;092509;1171165
110;126700;135759;1720065;092518;1172205
110;126800;135764;1721490;092527;1173240
110;126900;135768;1722895;092536;1174280
110;127000;135773;1724315;092545;1175320
110;127100;135777;1725725;092555;1176375
110;127200;135782;1727145;092564;1177415
110;127300;135786;1728555;092573;1178455
110;127400;135791;1729975;092582;1179495
110;127500;135795;1731385;092591;1180535
110;127600;135800;1732810;092600;1181575
110;127700;135805;1734230;092609;1182615
110;127800;135809;1735640;092618;1183660
110;127900;135814;1737060;092627;1184700
110;128000;135818;1738470;092636;1185740
110;128100;135823;1739895;092645;1186780
110;128200;135827;1741300;092655;1187835
110;128300;135832;1742725;092664;1188880
110;128400;135836;1744135;092673;1189920
110;128500;135841;1745555;092682;1190965
110;128600;135845;1746965;092691;1192005
110;128700;135850;1748390;092700;1193050
110;128800;135855;1749810;092709;1194090
110;128900;135859;1751225;092718;1195135
110;129000;135864;1752645;092727;1196180
110;129100;135868;1754055;092736;1197220
110;129200;135873;1755480;092745;1198265
110;129300;135877;1756890;092755;1199320
110;129400;135882;1758315;092764;1200365
110;129500;135886;1759725;092773;1201410
110;129600;135891;1761145;092782;1202455
110;129700;135895;1762560;092791;1203500
110;129800;135900;1763980;092800;1204545
110;129900;135905;1765405;092809;1205590
110;130000;135909;1766815;092818;1206635
110;130100;135914;1768240;092827;1207680
110;130200;135918;1769650;092836;1208725
110;130300;135923;1771075;092845;1209770
110;130400;135927;1772490;092855;1210830
110;130500;135932;1773915;092864;1211875
110;130600;135936;1775325;092873;1212920
110;130700;135941;1776750;092882;1213970
110;130800;135945;1778160;092891;1215015
110;130900;135950;1779585;092900;1216060
110;131000;135955;1781010;092909;1217110
110;131100;135959;1782420;092918;1218155
110;131200;135964;1783850;092927;1219200
110;131300;135968;1785260;092936;1220250
110;131400;135973;1786685;092945;1221295
110;131500;135977;1788100;092955;1222360
110;131600;135982;1789525;092964;1223405
110;131700;135986;1790935;092973;1224455
110;131800;135991;1792360;092982;1225505
110;131900;135995;1793775;092991;1226550
110;132000;136000;1795200;093000;1227600
110;132100;136005;1796625;093009;1228650
110;132200;136009;1798040;093018;1229700
110;132300;136014;1799465;093027;1230745
110;132400;136018;1800880;093036;1231795
110;132500;136023;1802305;093045;1232845
110;132600;136027;1803720;093055;1233910
110;132700;136032;1805145;093064;1234960
110;132800;136036;1806560;093073;1236010
110;132900;136041;1807985;093082;1237060
110;133000;136045;1809400;093091;1238110
110;133100;136050;1810825;093100;1239160
110;133200;136055;1812255;093109;1240210
110;133300;136059;1813665;093118;1241265
110;133400;136064;1815095;093127;1242315
110;133500;136068;1816510;093136;1243365
110;133600;136073;1817935;093145;1244415
110;133700;136077;1819350;093155;1245480
110;133800;136082;1820775;093164;1246535
110;133900;136086;1822190;093173;1247585
110;134000;136091;1823620;093182;1248640
110;134100;136095;1825035;093191;1249690
110;134200;136100;1826460;093200;1250745
110;134300;136105;1827890;093209;1251795
110;134400;136109;1829305;093218;1252850
110;134500;136114;1830735;093227;1253905
110;134600;136118;1832150;093236;1254955
110;134700;136123;1833575;093245;1256010
110;134800;136127;1834990;093255;1257075
110;134900;136132;1836420;093264;1258130
110;135000;136136;1837835;093273;1259185
110;135100;136141;1839265;093282;1260240
110;135200;136145;1840680;093291;1261295
110;135300;136150;1842110;093300;1262350
110;135400;136155;1843540;093309;1263405
110;135500;136159;1844955;093318;1264460
110;135600;136164;1846385;093327;1265515
110;135700;136168;1847800;093336;1266570
110;135800;136173;1849230;093345;1267625
110;135900;136177;1850645;093355;1268695
110;136000;136182;1852075;093364;1269750
110;136100;136186;1853490;093373;1270805
110;136200;136191;1854920;093382;1271865
110;136300;136195;1856340;093391;1272920
110;136400;136200;1857770;093400;1273975
110;136500;136205;1859200;093409;1275035
110;136600;136209;1860615;093418;1276090
110;136700;136214;1862045;093427;1277145
110;136800;136218;1863460;093436;1278205
110;136900;136223;1864895;093445;1279260
110;137000;136227;1866310;093455;1280335
110;137100;136232;1867740;093464;1281390
110;137200;136236;1869160;093473;1282450
110;137300;136241;1870590;093482;1283510
110;137400;136245;1872005;093491;1284565
110;137500;136250;1873440;093500;1285625
110;137600;136255;1874870;093509;1286685
110;137700;136259;1876285;093518;1287745
110;137800;136264;1877720;093527;1288800
110;137900;136268;1879135;093536;1289860
110;138000;136273;1880565;093545;1290920
110;138100;136277;1881985;093555;1291995
110;138200;136282;1883415;093564;1293055
110;138300;136286;1884835;093573;1294115
110;138400;136291;1886265;093582;1295175
110;138500;136295;1887685;093591;1296235
110;138600;136300;1889120;093600;1297295
110;138700;136305;1890550;093609;1298355
110;138800;136309;1891970;093618;1299420
110;138900;136314;1893400;093627;1300480
110;139000;136318;1894820;093636;1301540
110;139100;136323;1896255;093645;1302600
110;139200;136327;1897670;093655;1303680
110;139300;136332;1899105;093664;1304740
110;139400;136336;1900525;093673;1305800
110;139500;136341;1901955;093682;1306865
110;139600;136345;1903375;093691;1307925
110;139700;136350;1904810;093700;1308990
110;139800;136355;1906245;093709;1310050
110;139900;136359;1907660;093718;1311115
110;140000;136364;1909095;093727;1312180
110;140100;136368;1910515;093736;1313240
110;140200;136373;1911950;093745;1314305
110;140300;136377;1913370;093755;1315385
110;140400;136382;1914805;093764;1316445
110;140500;136386;1916225;093773;1317510
110;140600;136391;1917655;093782;1318575
110;140700;136395;1919080;093791;1319640
110;140800;136400;1920510;093800;1320705
110;140900;136405;1921945;093809;1321770
110;141000;136409;1923365;093818;1322835
110;141100;136414;1924800;093827;1323900
110;141200;136418;1926220;093836;1324965
110;141300;136423;1927655;093845;1326030
110;141400;136427;1929080;093855;1327110
110;141500;136432;1930515;093864;1328175
110;141600;136436;1931935;093873;1329240
110;141700;136441;1933370;093882;1330310
110;141800;136445;1934790;093891;1331375
110;141900;136450;1936225;093900;1332440
110;142000;136455;1937660;093909;1333510
110;142100;136459;1939080;093918;1334575
110;142200;136464;1940520;093927;1335640
110;142300;136468;1941940;093936;1336710
110;142400;136473;1943375;093945;1337775
110;142500;136477;1944795;093955;1338860
110;142600;136482;1946235;093964;1339925
110;142700;136486;1947655;093973;1340995
110;142800;136491;1949090;093982;1342065
110;142900;136495;1950515;093991;1343130
110;143000;136500;1951950;094000;1344200
110;143100;136505;1953385;094009;1345270
110;143200;136509;1954810;094018;1346340
110;143300;136514;1956245;094027;1347405
110;143400;136518;1957670;094036;1348475
110;143500;136523;1959105;094045;1349545
110;143600;136527;1960530;094055;1350630
110;143700;136532;1961965;094064;1351700
110;143800;136536;1963390;094073;1352770
110;143900;136541;1964825;094082;1353840
110;144000;136545;1966250;094091;1354910
110;144100;136550;1967685;094100;1355980
110;144200;136555;1969125;094109;1357050
110;144300;136559;1970545;094118;1358125
110;144400;136564;1971985;094127;1359195
110;144500;136568;1973410;094136;1360265
110;144600;136573;1974845;094145;1361335
110;144700;136577;1976270;094155;1362425
110;144800;136582;1977705;094164;1363495
110;144900;136586;1979130;094173;1364565
110;145000;136591;1980570;094182;1365640
110;145100;136595;1981995;094191;1366710
110;145200;136600;1983430;094200;1367785
110;145300;136605;1984870;094209;1368855
110;145400;136609;1986295;094218;1369930
110;145500;136614;1987735;094227;1371005
110;145600;136618;1989160;094236;1372075
110;145700;136623;1990595;094245;1373150
110;145800;136627;1992020;094255;1374240
110;145900;136632;1993460;094264;1375310
110;146000;136636;1994885;094273;1376385
110;146100;136641;1996325;094282;1377460
110;146200;136645;1997750;094291;1378535
110;146300;136650;1999190;094300;1379610
110;146400;136655;2000630;094309;1380685
110;146500;136659;2002055;094318;1381760
110;146600;136664;2003495;094327;1382835
110;146700;136668;2004920;094336;1383910
110;146800;136673;2006360;094345;1384985
110;146900;136677;2007785;094355;1386075
110;147000;136682;2009225;094364;1387150
110;147100;136686;2010650;094373;1388225
110;147200;136691;2012090;094382;1389305
110;147300;136695;2013515;094391;1390380
110;147400;136700;2014960;094400;1391455
110;147500;136705;2016400;094409;1392535
110;147600;136709;2017825;094418;1393610
110;147700;136714;2019265;094427;1394685
110;147800;136718;2020690;094436;1395765
110;147900;136723;2022135;094445;1396840
110;148000;136727;2023560;094455;1397935
110;148100;136732;2025000;094464;1399010
110;148200;136736;2026430;094473;1400090
110;148300;136741;2027870;094482;1401170
110;148400;136745;2029295;094491;1402245
110;148500;136750;2030740;094500;1403325
110;148600;136755;2032180;094509;1404405
110;148700;136759;2033605;094518;1405485
110;148800;136764;2035050;094527;1406560
110;148900;136768;2036475;094536;1407640
110;149000;136773;2037920;094545;1408720
110;149100;136777;2039345;094555;1409815
110;149200;136782;2040785;094564;1410895
110;149300;136786;2042215;094573;1411975
110;149400;136791;2043660;094582;1413055
110;149500;136795;2045085;094591;1414135
110;149600;136800;2046530;094600;1415215
110;149700;136805;2047970;094609;1416295
110;149800;136809;2049400;094618;1417380
110;149900;136814;2050840;094627;1418460
110;150000;136818;2052270;094636;1419540
110;150100;136823;2053715;094645;1420620
110;150200;136827;2055140;094655;1421720
110;150300;136832;2056585;094664;1422800
110;150400;136836;2058015;094673;1423880
110;150500;136841;2059455;094682;1424965
110;150600;136845;2060885;094691;1426045
110;150700;136850;2062330;094700;1427130
110;150800;136855;2063775;094709;1428210
110;150900;136859;2065200;094718;1429295
110;151000;136864;2066645;094727;1430380
110;151100;136868;2068075;094736;1431460
110;151200;136873;2069520;094745;1432545
110;151300;136877;2070950;094755;1433645
110;151400;136882;2072395;094764;1434725
110;151500;136886;2073825;094773;1435810
110;151600;136891;2075270;094782;1436895
110;151700;136895;2076695;094791;1437980
110;151800;136900;2078140;094800;1439065
110;151900;136905;2079585;094809;1440150
110;152000;136909;2081015;094818;1441235
110;152100;136914;2082460;094827;1442320
110;152200;136918;2083890;094836;1443405
110;152300;136923;2085335;094845;1444490
110;152400;136927;2086765;094855;1445590
110;152500;136932;2088215;094864;1446675
110;152600;136936;2089645;094873;1447760
110;152700;136941;2091090;094882;1448850
110;152800;136945;2092520;094891;1449935
110;152900;136950;2093965;094900;1451020
110;153000;136955;2095410;094909;1452110
110;153100;136959;2096840;094918;1453195
110;153200;136964;2098290;094927;1454280
110;153300;136968;2099720;094936;1455370
110;153400;136973;2101165;094945;1456455
110;153500;136977;2102595;094955;1457560
110;153600;136982;2104045;094964;1458645
110;153700;136986;2105475;094973;1459735
110;153800;136991;2106920;094982;1460825
110;153900;136995;2108355;094991;1461910
110;154000;137000;2109800;095000;1463000
110;154100;137005;2111245;095009;1464090
110;154200;137009;2112680;095018;1465180
110;154300;137014;2114125;095027;1466265
110;154400;137018;2115560;095036;1467355
110;154500;137023;2117005;095045;1468445
110;154600;137027;2118435;095055;1469550
110;154700;137032;2119885;095064;1470640
110;154800;137036;2121315;095073;1471730
110;154900;137041;2122765;095082;1472820
110;155000;137045;2124200;095091;1473910
110;155100;137050;2125645;095100;1475000
110;155200;137055;2127095;095109;1476090
110;155300;137059;2128525;095118;1477185
110;155400;137064;2129975;095127;1478275
110;155500;137068;2131405;095136;1479365
110;155600;137073;2132855;095145;1480455
110;155700;137077;2134290;095155;1481565
110;155800;137082;2135740;095164;1482655
110;155900;137086;2137170;095173;1483745
110;156000;137091;2138620;095182;1484840
110;156100;137095;2140055;095191;1485930
110;156200;137100;2141500;095200;1487025
110;156300;137105;2142950;095209;1488115
110;156400;137109;2144385;095218;1489210
110;156500;137114;2145835;095227;1490305
110;156600;137118;2147270;095236;1491395
110;156700;137123;2148715;095245;1492490
110;156800;137127;2150150;095255;1493600
110;156900;137132;2151600;095264;1494690
110;157000;137136;2153035;095273;1495785
110;157100;137141;2154485;095282;1496880
110;157200;137145;2155920;095291;1497975
110;157300;137150;2157370;095300;1499070
110;157400;137155;2158820;095309;1500165
110;157500;137159;2160255;095318;1501260
110;157600;137164;2161705;095327;1502355
110;157700;137168;2163140;095336;1503450
110;157800;137173;2164590;095345;1504545
110;157900;137177;2166025;095355;1505655
110;158000;137182;2167475;095364;1506750
110;158100;137186;2168910;095373;1507845
110;158200;137191;2170360;095382;1508945
110;158300;137195;2171795;095391;1510040
110;158400;137200;2173250;095400;1511135
110;158500;137205;2174700;095409;1512235
110;158600;137209;2176135;095418;1513330
110;158700;137214;2177585;095427;1514425
110;158800;137218;2179020;095436;1515525
110;158900;137223;2180475;095445;1516620
110;159000;137227;2181910;095455;1517735
110;159100;137232;2183360;095464;1518830
110;159200;137236;2184795;095473;1519930
110;159300;137241;2186250;095482;1521030
110;159400;137245;2187685;095491;1522125
110;159500;137250;2189140;095500;1523225
110;159600;137255;2190590;095509;1524325
110;159700;137259;2192025;095518;1525420
110;159800;137264;2193480;095527;1526520
110;159900;137268;2194915;095536;1527620
110;160000;137273;2196370;095545;1528720
110;160100;137277;2197805;095555;1529835
110;160200;137282;2199260;095564;1530935
110;160300;137286;2200695;095573;1532035
110;160400;137291;2202150;095582;1533135
110;160500;137295;2203585;095591;1534235
110;160600;137300;2205040;095600;1535335
110;160700;137305;2206490;095609;1536435
110;160800;137309;2207930;095618;1537535
110;160900;137314;2209380;095627;1538640
110;161000;137318;2210820;095636;1539740
110;161100;137323;2212275;095645;1540840
110;161200;137327;2213710;095655;1541960
110;161300;137332;2215165;095664;1543060
110;161400;137336;2216605;095673;1544160
110;161500;137341;2218055;095682;1545265
110;161600;137345;2219495;095691;1546365
110;161700;137350;2220950;095700;1547470
110;161800;137355;2222405;095709;1548570
110;161900;137359;2223840;095718;1549675
110;162000;137364;2225295;095727;1550775
110;162100;137368;2226735;095736;1551880
110;162200;137373;2228190;095745;1552985
110;162300;137377;2229630;095755;1554105
110;162400;137382;2231085;095764;1555205
110;162500;137386;2232525;095773;1556310
110;162600;137391;2233980;095782;1557415
110;162700;137395;2235415;095791;1558520
110;162800;137400;2236870;095800;1559625
110;162900;137405;2238325;095809;1560730
110;163000;137409;2239765;095818;1561835
110;163100;137414;2241220;095827;1562940
110;163200;137418;2242660;095836;1564045
110;163300;137423;2244120;095845;1565150
110;163400;137427;2245555;095855;1566270
110;163500;137432;2247015;095864;1567375
110;163600;137436;2248455;095873;1568480
110;163700;137441;2249910;095882;1569590
110;163800;137445;2251350;095891;1570695
110;163900;137450;2252805;095900;1571800
110;164000;137455;2254260;095909;1572910
110;164100;137459;2255700;095918;1574015
110;164200;137464;2257160;095927;1575120
110;164300;137468;2258600;095936;1576230
110;164400;137473;2260055;095945;1577335
110;164500;137477;2261495;095955;1578460
110;164600;137482;2262955;095964;1579565
110;164700;137486;2264395;095973;1580675
110;164800;137491;2265850;095982;1581785
110;164900;137495;2267295;095991;1582890
110;165000;137500;2268750;096000;1584000
110;165100;137505;2270210;096009;1585110
110;165200;137509;2271650;096018;1586215
110;165300;137514;2273105;096027;1587325
110;165400;137518;2274550;096036;1588435
110;165500;137523;2276005;096045;1589545
110;165600;137527;2277445;096055;1590670
110;165700;137532;2278905;096064;1591780
110;165800;137536;2280345;096073;1592890
110;165900;137541;2281805;096082;1594000
110;166000;137545;2283245;096091;1595110
110;166100;137550;2284705;096100;1596220
110;166200;137555;2286165;096109;1597330
110;166300;137559;2287605;096118;1598440
110;166400;137564;2289065;096127;1599555
110;166500;137568;2290505;096136;1600665
110;166600;137573;2291965;096145;1601775
110;166700;137577;2293410;096155;1602905
110;166800;137582;2294870;096164;1604015
110;166900;137586;2296310;096173;1605125
110;167000;137591;2297770;096182;1606240
110;167100;137595;2299210;096191;1607350
110;167200;137600;2300670;096200;1608465
110;167300;137605;2302130;096209;1609575
110;167400;137609;2303575;096218;1610690
110;167500;137614;2305035;096227;1611800
110;167600;137618;2306480;096236;1612915
110;167700;137623;2307940;096245;1614030
110;167800;137627;2309380;096255;1615160
110;167900;137632;2310840;096264;1616275
110;168000;137636;2312285;096273;1617385
110;168100;137641;2313745;096282;1618500
110;168200;137645;2315190;096291;1619615
110;168300;137650;2316650;096300;1620730
110;168400;137655;2318110;096309;1621845
110;168500;137659;2319555;096318;1622960
110;168600;137664;2321015;096327;1624075
110;168700;137668;2322460;096336;1625190
110;168800;137673;2323920;096345;1626305
110;168900;137677;2325365;096355;1627435
110;169000;137682;2326825;096364;1628550
110;169100;137686;2328270;096373;1629665
110;169200;137691;2329730;096382;1630785
110;169300;137695;2331175;096391;1631900
110;169400;137700;2332640;096400;1633015
110;169500;137705;2334100;096409;1634135
110;169600;137709;2335545;096418;1635250
110;169700;137714;2337005;096427;1636365
110;169800;137718;2338450;096436;1637485
110;169900;137723;2339915;096445;1638600
110;170000;137727;2341360;096455;1639735
110;170100;137732;2342820;096464;1640855
110;170200;137736;2344265;096473;1641970
110;170300;137741;2345730;096482;1643090
110;170400;137745;2347175;096491;1644205
110;170500;137750;2348640;096500;1645325
110;170600;137755;2350100;096509;1646445
110;170700;137759;2351545;096518;1647560
110;170800;137764;2353010;096527;1648680
110;170900;137768;2354455;096536;1649800
110;171000;137773;2355920;096545;1650920
110;171100;137777;2357365;096555;1652055
110;171200;137782;2358830;096564;1653175
110;171300;137786;2360275;096573;1654295
110;171400;137791;2361740;096582;1655415
110;171500;137795;2363185;096591;1656535
110;171600;137800;2364650;096600;1657655
110;171700;137805;2366110;096609;1658775
110;171800;137809;2367560;096618;1659895
110;171900;137814;2369025;096627;1661020
110;172000;137818;2370470;096636;1662140
110;172100;137823;2371935;096645;1663260
110;172200;137827;2373380;096655;1664400
110;172300;137832;2374845;096664;1665520
110;172400;137836;2376295;096673;1666645
110;172500;137841;2377755;096682;1667765
110;172600;137845;2379205;096691;1668885
110;172700;137850;2380670;096700;1670010
110;172800;137855;2382135;096709;1671130
110;172900;137859;2383580;096718;1672255
110;173000;137864;2385045;096727;1673375
110;173100;137868;2386495;096736;1674500
110;173200;137873;2387960;096745;1675625
110;173300;137877;2389410;096755;1676765
110;173400;137882;2390875;096764;1677890
110;173500;137886;2392320;096773;1679010
110;173600;137891;2393790;096782;1680135
110;173700;137895;2395235;096791;1681260
110;173800;137900;2396700;096800;1682385
110;173900;137905;2398170;096809;1683510
110;174000;137909;2399615;096818;1684635
110;174100;137914;2401085;096827;1685760
110;174200;137918;2402530;096836;1686885
110;174300;137923;2404000;096845;1688010
110;174400;137927;2405445;096855;1689150
110;174500;137932;2406915;096864;1690275
110;174600;137936;2408365;096873;1691405
110;174700;137941;2409830;096882;1692530
110;174800;137945;2411280;096891;1693655
110;174900;137950;2412745;096900;1694780
110;175000;137955;2414215;096909;1695910
110;175100;137959;2415660;096918;1697035
110;175200;137964;2417130;096927;1698160
110;175300;137968;2418580;096936;1699290
110;175400;137973;2420045;096945;1700415
110;175500;137977;2421495;096955;1701560
110;175600;137982;2422965;096964;1702690
110;175700;137986;2424415;096973;1703815
110;175800;137991;2425880;096982;1704945
110;175900;137995;2427330;096991;1706070
110;176000;138000;2428800;097000;1707200
110;176100;138005;2430270;097009;1708330
110;176200;138009;2431720;097018;1709455
110;176300;138014;2433185;097027;1710585
110;176400;138018;2434640;097036;1711715
110;176500;138023;2436105;097045;1712845
110;176600;138027;2437555;097055;1713990
110;176700;138032;2439025;097064;1715120
110;176800;138036;2440475;097073;1716250
110;176900;138041;2441945;097082;1717380
110;177000;138045;2443395;097091;1718510
110;177100;138050;2444865;097100;1719640
110;177200;138055;2446335;097109;1720770
110;177300;138059;2447785;097118;1721900
110;177400;138064;2449255;097127;1723035
110;177500;138068;2450705;097136;1724165
110;177600;138073;2452175;097145;1725295
110;177700;138077;2453630;097155;1726445
110;177800;138082;2455100;097164;1727575
110;177900;138086;2456550;097173;1728710
110;178000;138091;2458020;097182;1729840
110;178100;138095;2459470;097191;1730970
110;178200;138100;2460940;097200;1732105
110;178300;138105;2462410;097209;1733235
110;178400;138109;2463865;097218;1734370
110;178500;138114;2465335;097227;1735500
110;178600;138118;2466785;097236;1736635
110;178700;138123;2468260;097245;1737770
110;178800;138127;2469710;097255;1738920
110;178900;138132;2471180;097264;1740055
110;179000;138136;2472635;097273;1741185
110;179100;138141;2474105;097282;1742320
110;179200;138145;2475560;097291;1743455
110;179300;138150;2477030;097300;1744590
110;179400;138155;2478500;097309;1745725
110;179500;138159;2479955;097318;1746860
110;179600;138164;2481425;097327;1747995
110;179700;138168;2482880;097336;1749130
110;179800;138173;2484350;097345;1750265
110;179900;138177;2485805;097355;1751415
110;180000;138182;2487275;097364;1752550
110;180100;138186;2488730;097373;1753690
110;180200;138191;2490200;097382;1754825
110;180300;138195;2491655;097391;1755960
110;180400;138200;2493130;097400;1757095
110;180500;138205;2494600;097409;1758230
110;180600;138209;2496055;097418;1759370
110;180700;138214;2497525;097427;1760505
110;180800;138218;2498980;097436;1761645
110;180900;138223;2500455;097445;1762780
110;181000;138227;2501910;097455;1763935
110;181100;138232;2503380;097464;1765075
110;181200;138236;2504835;097473;1766210
110;181300;138241;2506310;097482;1767350
110;181400;138245;2507765;097491;1768485
110;181500;138250;2509240;097500;1769625
110;181600;138255;2510710;097509;1770765
110;181700;138259;2512165;097518;1771900
110;181800;138264;2513640;097527;1773040
110;181900;138268;2515095;097536;1774180
110;182000;138273;2516570;097545;1775320
110;182100;138277;2518025;097555;1776475
110;182200;138282;2519500;097564;1777615
110;182300;138286;2520955;097573;1778755
110;182400;138291;2522430;097582;1779895
110;182500;138295;2523885;097591;1781035
110;182600;138300;2525360;097600;1782175
110;182700;138305;2526830;097609;1783315
110;182800;138309;2528290;097618;1784455
110;182900;138314;2529765;097627;1785600
110;183000;138318;2531220;097636;1786740
110;183100;138323;2532695;097645;1787880
110;183200;138327;2534150;097655;1789040
110;183300;138332;2535625;097664;1790180
110;183400;138336;2537080;097673;1791325
110;183500;138341;2538555;097682;1792465
110;183600;138345;2540015;097691;1793605
110;183700;138350;2541490;097700;1794750
110;183800;138355;2542965;097709;1795890
110;183900;138359;2544420;097718;1797035
110;184000;138364;2545900;097727;1798175
110;184100;138368;2547355;097736;1799320
110;184200;138373;2548830;097745;1800465
110;184300;138377;2550290;097755;1801625
110;184400;138382;2551765;097764;1802770
110;184500;138386;2553220;097773;1803910
110;184600;138391;2554700;097782;1805055
110;184700;138395;2556155;097791;1806200
110;184800;138400;2557630;097800;1807345
110;184900;138405;2559110;097809;1808490
110;185000;138409;2560565;097818;1809635
110;185100;138414;2562045;097827;1810780
110;185200;138418;2563500;097836;1811925
110;185300;138423;2564980;097845;1813070
110;185400;138427;2566435;097855;1814230
110;185500;138432;2567915;097864;1815375
110;185600;138436;2569370;097873;1816525
110;185700;138441;2570850;097882;1817670
110;185800;138445;2572310;097891;1818815
110;185900;138450;2573785;097900;1819960
110;186000;138455;2575265;097909;1821105
110;186100;138459;2576720;097918;1822255
110;186200;138464;2578200;097927;1823400
110;186300;138468;2579660;097936;1824550
110;186400;138473;2581135;097945;1825695
110;186500;138477;2582595;097955;1826860
110;186600;138482;2584075;097964;1828010
110;186700;138486;2585535;097973;1829155
110;186800;138491;2587010;097982;1830305
110;186900;138495;2588470;097991;1831450
110;187000;138500;2589950;098000;1832600
110;187100;138505;2591430;098009;1833750
110;187200;138509;2592890;098018;1834895
110;187300;138514;2594365;098027;1836045
110;187400;138518;2595825;098036;1837195
110;187500;138523;2597305;098045;1838345
110;187600;138527;2598765;098055;1839510
110;187700;138532;2600245;098064;1840660
110;187800;138536;2601705;098073;1841810
110;187900;138541;2603185;098082;1842960
110;188000;138545;2604645;098091;1844110
110;188100;138550;2606125;098100;1845260
110;188200;138555;2607605;098109;1846410
110;188300;138559;2609065;098118;1847560
110;188400;138564;2610545;098127;1848715
110;188500;138568;2612005;098136;1849865
110;188600;138573;2613485;098145;1851015
110;188700;138577;2614950;098155;1852185
110;188800;138582;2616430;098164;1853335
110;188900;138586;2617890;098173;1854490
110;189000;138591;2619370;098182;1855640
110;189100;138595;2620830;098191;1856790
110;189200;138600;2622310;098200;1857945
110;189300;138605;2623795;098209;1859095
110;189400;138609;2625255;098218;1860250
110;189500;138614;2626735;098227;1861400
110;189600;138618;2628195;098236;1862555
110;189700;138623;2629680;098245;1863710
110;189800;138627;2631140;098255;1864880
110;189900;138632;2632620;098264;1866035
110;190000;138636;2634085;098273;1867185
110;190100;138641;2635565;098282;1868340
110;190200;138645;2637030;098291;1869495
110;190300;138650;2638510;098300;1870650
110;190400;138655;2639990;098309;1871805
110;190500;138659;2641455;098318;1872960
110;190600;138664;2642935;098327;1874115
110;190700;138668;2644400;098336;1875270
110;190800;138673;2645880;098345;1876425
110;190900;138677;2647345;098355;1877595
110;191000;138682;2648825;098364;1878750
110;191100;138686;2650290;098373;1879910
110;191200;138691;2651770;098382;1881065
110;191300;138695;2653235;098391;1882220
110;191400;138700;2654720;098400;1883375
110;191500;138705;2656200;098409;1884530
110;191600;138709;2657665;098418;1885690
110;191700;138714;2659145;098427;1886845
110;191800;138718;2660610;098436;1888000
110;191900;138723;2662095;098445;1889160
110;192000;138727;2663560;098455;1890335
110;192100;138732;2665040;098464;1891495
110;192200;138736;2666505;098473;1892650
110;192300;138741;2667990;098482;1893810
110;192400;138745;2669455;098491;1894965
110;192500;138750;2670940;098500;1896125
110;192600;138755;2672420;098509;1897285
110;192700;138759;2673885;098518;1898440
110;192800;138764;2675370;098527;1899600
110;192900;138768;2676835;098536;1900760
110;193000;138773;2678320;098545;1901920
110;193100;138777;2679785;098555;1903095
110;193200;138782;2681270;098564;1904255
110;193300;138786;2682735;098573;1905415
110;193400;138791;2684220;098582;1906575
110;193500;138795;2685685;098591;1907735
110;193600;138800;2687170;098600;1908895
110;193700;138805;2688655;098609;1910055
110;193800;138809;2690120;098618;1911215
110;193900;138814;2691605;098627;1912380
110;194000;138818;2693070;098636;1913540
110;194100;138823;2694555;098645;1914700
110;194200;138827;2696020;098655;1915880
110;194300;138832;2697505;098664;1917040
110;194400;138836;2698970;098673;1918205
110;194500;138841;2700455;098682;1919365
110;194600;138845;2701925;098691;1920525
110;194700;138850;2703410;098700;1921690
110;194800;138855;2704895;098709;1922850
110;194900;138859;2706360;098718;1924015
110;195000;138864;2707850;098727;1925175
110;195100;138868;2709315;098736;1926340
110;195200;138873;2710800;098745;1927500
110;195300;138877;2712270;098755;1928685
110;195400;138882;2713755;098764;1929850
110;195500;138886;2715220;098773;1931010
110;195600;138891;2716710;098782;1932175
110;195700;138895;2718175;098791;1933340
110;195800;138900;2719660;098800;1934505
110;195900;138905;2721150;098809;1935670
110;196000;138909;2722615;098818;1936835
110;196100;138914;2724105;098827;1937995
110;196200;138918;2725570;098836;1939160
110;196300;138923;2727060;098845;1940325
110;196400;138927;2728525;098855;1941510
110;196500;138932;2730015;098864;1942680
110;196600;138936;2731480;098873;1943845
110;196700;138941;2732970;098882;1945010
110;196800;138945;2734440;098891;1946175
110;196900;138950;2735925;098900;1947340
110;197000;138955;2737415;098909;1948505
110;197100;138959;2738880;098918;1949675
110;197200;138964;2740370;098927;1950840
110;197300;138968;2741840;098936;1952005
110;197400;138973;2743325;098945;1953175
110;197500;138977;2744795;098955;1954360
110;197600;138982;2746285;098964;1955530
110;197700;138986;2747755;098973;1956695
110;197800;138991;2749240;098982;1957865
110;197900;138995;2750710;098991;1959030
110;198000;139000;2752200;099000;1960200
110;198100;139005;2753690;099005;1961290
110;198200;139009;2755160;099009;1962360
110;198300;139014;2756650;099014;1963450
110;198400;139018;2758115;099018;1964515
110;198500;139023;2759605;099023;1965605
110;198600;139027;2761075;099027;1966675
110;198700;139032;2762565;099032;1967765
110;198800;139036;2764035;099036;1968835
110;198900;139041;2765525;099041;1969925
110;199000;139045;2766995;099045;1970995
110;199100;139050;2768485;099050;1972085
110;199200;139055;2769975;099055;1973175
110;199300;139059;2771445;099059;1974245
110;199400;139064;2772935;099064;1975335
110;199500;139068;2774405;099068;1976405
110;199600;139073;2775895;099073;1977495
110;199700;139077;2777370;099077;1978570
110;199800;139082;2778860;099082;1979660
110;199900;139086;2780330;099086;1980730
110;200000;139091;2781820;099091;1981820
110;200100;139095;2783290;099095;1982890
110;200200;139100;2784780;099100;1983980
110;200300;139105;2786275;099105;1985075
110;200400;139109;2787745;099109;1986145
110;200500;139114;2789235;099114;1987235
110;200600;139118;2790705;099118;1988305
110;200700;139123;2792200;099123;1989400
110;200800;139127;2793670;099127;1990470
110;200900;139132;2795160;099132;1991560
110;201000;139136;2796635;099136;1992635
110;201100;139141;2798125;099141;1993725
110;201200;139145;2799595;099145;1994795
110;201300;139150;2801090;099150;1995890
110;201400;139155;2802580;099155;1996980
110;201500;139159;2804055;099159;1998055
110;201600;139164;2805545;099164;1999145
110;201700;139168;2807020;099168;2000220
110;201800;139173;2808510;099173;2001310
110;201900;139177;2809985;099177;2002385
110;202000;139182;2811475;099182;2003475
110;202100;139186;2812950;099186;2004550
110;202200;139191;2814440;099191;2005640
110;202300;139195;2815915;099195;2006715
110;202400;139200;2817410;099200;2007810
110;202500;139205;2818900;099205;2008900
110;202600;139209;2820375;099209;2009975
110;202700;139214;2821870;099214;2011070
110;202800;139218;2823340;099218;2012140
110;202900;139223;2824835;099223;2013235
110;203000;139227;2826310;099227;2014310
110;203100;139232;2827800;099232;2015400
110;203200;139236;2829275;099236;2016475
110;203300;139241;2830770;099241;2017570
110;203400;139245;2832245;099245;2018645
110;203500;139250;2833740;099250;2019740
110;203600;139255;2835230;099255;2020830
110;203700;139259;2836705;099259;2021905
110;203800;139264;2838200;099264;2023000
110;203900;139268;2839675;099268;2024075
110;204000;139273;2841170;099273;2025170
110;204100;139277;2842645;099277;2026245
110;204200;139282;2844140;099282;2027340
110;204300;139286;2845615;099286;2028415
110;204400;139291;2847110;099291;2029510
110;204500;139295;2848585;099295;2030585
110;204600;139300;2850080;099300;2031680
110;204700;139305;2851575;099305;2032775
110;204800;139309;2853050;099309;2033850
110;204900;139314;2854545;099314;2034945
110;205000;139318;2856020;099318;2036020
110;205100;139323;2857515;099323;2037115
110;205200;139327;2858990;099327;2038190
110;205300;139332;2860485;099332;2039285
110;205400;139336;2861960;099336;2040360
110;205500;139341;2863460;099341;2041460
110;205600;139345;2864935;099345;2042535
110;205700;139350;2866430;099350;2043630
110;205800;139355;2867925;099355;2044725
110;205900;139359;2869400;099359;2045800
110;206000;139364;2870900;099364;2046900
110;206100;139368;2872375;099368;2047975
110;206200;139373;2873870;099373;2049070
110;206300;139377;2875350;099377;2050150
110;206400;139382;2876845;099382;2051245
110;206500;139386;2878320;099386;2052320
110;206600;139391;2879820;099391;2053420
110;206700;139395;2881295;099395;2054495
110;206800;139400;2882790;099400;2055590
110;206900;139405;2884290;099405;2056690
110;207000;139409;2885765;099409;2057765
110;207100;139414;2887265;099414;2058865
110;207200;139418;2888740;099418;2059940
110;207300;139423;2890240;099423;2061040
110;207400;139427;2891715;099427;2062115
110;207500;139432;2893215;099432;2063215
110;207600;139436;2894690;099436;2064290
110;207700;139441;2896190;099441;2065390
110;207800;139445;2897665;099445;2066465
110;207900;139450;2899165;099450;2067565
110;208000;139455;2900665;099455;2068665
110;208100;139459;2902140;099459;2069740
110;208200;139464;2903640;099464;2070840
110;208300;139468;2905120;099468;2071920
110;208400;139473;2906615;099473;2073015
110;208500;139477;2908095;099477;2074095
110;208600;139482;2909595;099482;2075195
110;208700;139486;2911075;099486;2076275
110;208800;139491;2912570;099491;2077370
110;208900;139495;2914050;099495;2078450
110;209000;139500;2915550;099500;2079550
110;209100;139505;2917050;099505;2080650
110;209200;139509;2918530;099509;2081730
110;209300;139514;2920030;099514;2082830
110;209400;139518;2921505;099518;2083905
110;209500;139523;2923005;099523;2085005
110;209600;139527;2924485;099527;2086085
110;209700;139532;2925985;099532;2087185
110;209800;139536;2927465;099536;2088265
110;209900;139541;2928965;099541;2089365
110;210000;139545;2930445;099545;2090445
110;210100;139550;2931945;099550;2091545
110;210200;139555;2933445;099555;2092645
110;210300;139559;2934925;099559;2093725
110;210400;139564;2936425;099564;2094825
110;210500;139568;2937905;099568;2095905
110;210600;139573;2939405;099573;2097005
110;210700;139577;2940885;099577;2098085
110;210800;139582;2942390;099582;2099190
110;210900;139586;2943870;099586;2100270
110;211000;139591;2945370;099591;2101370
110;211100;139595;2946850;099595;2102450
110;211200;139600;2948350;099600;2103550
110;211300;139605;2949855;099605;2104655
110;211400;139609;2951335;099609;2105735
110;211500;139614;2952835;099614;2106835
110;211600;139618;2954315;099618;2107915
110;211700;139623;2955820;099623;2109020
110;211800;139627;2957300;099627;2110100
110;211900;139632;2958800;099632;2111200
110;212000;139636;2960285;099636;2112285
110;212100;139641;2961785;099641;2113385
110;212200;139645;2963265;099645;2114465
110;212300;139650;2964770;099650;2115570
110;212400;139655;2966270;099655;2116670
110;212500;139659;2967755;099659;2117755
110;212600;139664;2969255;099664;2118855
110;212700;139668;2970740;099668;2119940
110;212800;139673;2972240;099673;2121040
110;212900;139677;2973725;099677;2122125
110;213000;139682;2975225;099682;2123225
110;213100;139686;2976710;099686;2124310
110;213200;139691;2978210;099691;2125410
110;213300;139695;2979695;099695;2126495
110;213400;139700;2981200;099700;2127600
110;213500;139705;2982700;099705;2128700
110;213600;139709;2984185;099709;2129785
110;213700;139714;2985690;099714;2130890
110;213800;139718;2987170;099718;2131970
110;213900;139723;2988675;099723;2133075
110;214000;139727;2990160;099727;2134160
110;214100;139732;2991660;099732;2135260
110;214200;139736;2993145;099736;2136345
110;214300;139741;2994650;099741;2137450
110;214400;139745;2996135;099745;2138535
110;214500;139750;2997640;099750;2139640
110;214600;139755;2999140;099755;2140740
110;214700;139759;3000625;099759;2141825
110;214800;139764;3002130;099764;2142930
110;214900;139768;3003615;099768;2144015
110;215000;139773;3005120;099773;2145120
110;215100;139777;3006605;099777;2146205
110;215200;139782;3008110;099782;2147310
110;215300;139786;3009595;099786;2148395
110;215400;139791;3011100;099791;2149500
110;215500;139795;3012580;099795;2150580
110;215600;139800;3014090;099800;2151690
110;215700;139805;3015595;099805;2152795
110;215800;139809;3017080;099809;2153880
110;215900;139814;3018585;099814;2154985
110;216000;139818;3020070;099818;2156070
110;216100;139823;3021575;099823;2157175
110;216200;139827;3023060;099827;2158260
110;216300;139832;3024565;099832;2159365
110;216400;139836;3026050;099836;2160450
110;216500;139841;3027560;099841;2161560
110;216600;139845;3029045;099845;2162645
110;216700;139850;3030550;099850;2163750
110;216800;139855;3032055;099855;2164855
110;216900;139859;3033540;099859;2165940
110;217000;139864;3035050;099864;2167050
110;217100;139868;3036535;099868;2168135
110;217200;139873;3038040;099873;2169240
110;217300;139877;3039525;099877;2170325
110;217400;139882;3041035;099882;2171435
110;217500;139886;3042520;099886;2172520
110;217600;139891;3044030;099891;2173630
110;217700;139895;3045515;099895;2174715
110;217800;139900;3047020;099900;2175820
110;217900;139905;3048530;099905;2176930
110;218000;139909;3050015;099909;2178015
110;218100;139914;3051525;099914;2179125
110;218200;139918;3053010;099918;2180210
110;218300;139923;3054520;099923;2181320
110;218400;139927;3056005;099927;2182405
110;218500;139932;3057515;099932;2183515
110;218600;139936;3059000;099936;2184600
110;218700;139941;3060510;099941;2185710
110;218800;139945;3061995;099945;2186795
110;218900;139950;3063505;099950;2187905
110;219000;139955;3065015;099955;2189015
110;219100;139959;3066500;099959;2190100
110;219200;139964;3068010;099964;2191210
110;219300;139968;3069500;099968;2192300
110;219400;139973;3071010;099973;2193410
110;219500;139977;3072495;099977;2194495
110;219600;139982;3074005;099982;2195605
110;219700;139986;3075490;099986;2196690
110;219800;139991;3077000;099991;2197800
110;219900;139995;3078490;099995;2198890
110;220000;140000;3080000;100000;2200000
110;220100;140000;3081400;100000;2201000
