115;005700;020000;0011400;020000;0011400
115;005800;020032;0011620;020028;0011615
115;005900;020171;0011900;020150;0011890
115;006000;020310;0012185;020272;0012165
115;006100;020448;0012475;020392;0012440
115;006200;020587;0012765;020514;0012720
115;006300;020726;0013055;020636;0013000
115;006400;020864;0013355;020756;0013285
115;006500;021003;0013650;020878;0013570
115;006600;021142;0013955;021000;0013860
115;006700;021280;0014260;021120;0014150
115;006800;021418;0014565;021240;0014445
115;006900;021557;0014875;021362;0014740
115;007000;021696;0015185;021484;0015040
115;007100;021834;0015500;021604;0015340
115;007200;021973;0015820;021726;0015645
115;007300;022112;0016140;021848;0015950
115;007400;022250;0016465;021968;0016255
115;007500;022389;0016790;022090;0016570
115;007600;022528;0017120;022212;0016880
115;007700;022666;0017455;022332;0017195
115;007800;022803;0017785;022453;0017515
115;007900;022942;0018125;022575;0017835
115;008000;023080;0018465;022695;0018155
115;008100;023219;0018805;022817;0018480
115;008200;023358;0019155;022939;0018810
115;008300;023496;0019500;023059;0019140
115;008400;023635;0019855;023181;0019470
115;008500;023774;0020210;023303;0019810
115;008600;023912;0020565;023423;0020145
115;008700;024051;0020925;023545;0020485
115;008800;024190;0021285;023667;0020825
115;008900;024326;0021650;023786;0021170
115;009000;024466;0022020;023907;0021515
115;009100;024605;0022390;024029;0021865
115;009200;024742;0022765;024150;0022220
115;009300;024882;0023140;024271;0022570
115;009400;025021;0023520;024393;0022930
115;009500;025158;0023900;024514;0023290
115;009600;025298;0024285;024635;0023650
115;009700;025437;0024675;024757;0024015
115;009800;025574;0025065;024878;0024380
115;009900;025714;0025455;024999;0024750
115;010000;025851;0025850;025120;0025120
115;010100;025989;0026250;025240;0025490
115;010200;026128;0026650;025362;0025870
115;010300;026267;0027055;025484;0026250
115;010400;026405;0027460;025604;0026630
115;010500;026544;0027870;025726;0027010
115;010600;026683;0028285;025848;0027400
115;010700;026821;0028700;025968;0027785
115;010800;026960;0029115;026090;0028175
115;010900;027099;0029540;026212;0028570
115;011000;027237;0029960;026332;0028965
115;011100;027374;0030385;026453;0029365
115;011200;027514;0030815;026574;0029765
115;011300;027651;0031245;026695;0030165
115;011400;027790;0031680;026817;0030570
115;011500;027930;0032120;026938;0030980
115;011600;028076;0032570;027076;0031410
115;011700;028232;0033030;027232;0031860
115;011800;028389;0033500;027389;0032320
115;011900;028544;0033965;027544;0032775
115;012000;028700;0034440;027700;0033240
115;012100;028857;0034915;027857;0033705
115;012200;029010;0035390;028010;0034170
115;012300;029166;0035875;028166;0034645
115;012400;029323;0036360;028323;0035120
115;012500;029478;0036850;028478;0035600
115;012600;029634;0037340;028634;0036080
115;012700;029791;0037835;028791;0036565
115;012800;029946;0038330;028946;0037050
115;012900;030102;0038830;029102;0037540
115;013000;030259;0039335;029259;0038035
115;013100;030414;0039840;029414;0038530
115;013200;030570;0040350;029570;0039030
115;013300;030725;0040865;029725;0039535
115;013400;030880;0041380;029880;0040040
115;013500;031037;0041900;030037;0040550
115;013600;031193;0042420;030193;0041060
115;013700;031348;0042945;030348;0041575
115;013800;031505;0043475;030505;0042095
115;013900;031661;0044010;030661;0042620
115;014000;031816;0044540;030816;0043140
115;014100;031973;0045080;030973;0043670
115;014200;032129;0045625;031129;0044205
115;014300;032284;0046165;031284;0044735
115;014400;032439;0046710;031439;0045270
115;014500;032595;0047265;031595;0045815
115;014600;032752;0047820;031752;0046360
115;014700;032907;0048375;031907;0046905
115;014800;033063;0048935;032063;0047455
115;014900;033220;0049500;032220;0048010
115;015000;033375;0050065;032375;0048565
115;015100;033531;0050630;032531;0049120
115;015200;033688;0051205;032688;0049685
115;015300;033843;0051780;032843;0050250
115;015400;033999;0052360;032999;0050820
115;015500;034154;0052940;033154;0051390
115;015600;034309;0053520;033309;0051960
115;015700;034466;0054110;033466;0052540
115;015800;034622;0054705;033622;0053125
115;015900;034777;0055295;033777;0053705
115;016000;034934;0055895;033934;0054295
115;016100;035090;0056495;034090;0054885
115;016200;035245;0057095;034245;0055475
115;016300;035402;0057705;034402;0056075
115;016400;035558;0058315;034558;0056675
115;016500;035713;0058925;034713;0057275
115;016600;035868;0059540;034868;0057880
115;016700;036024;0060160;035024;0058490
115;016800;036179;0060780;035179;0059100
115;016900;036336;0061410;035336;0059720
115;017000;036492;0062035;035492;0060335
115;017100;036647;0062665;035647;0060955
115;017200;036804;0063305;035804;0061585
115;017300;036960;0063940;035960;0062210
115;017400;037115;0064580;036102;0062815
115;017500;037272;0065225;036242;0063425
115;017600;037428;0065875;036381;0064030
115;017700;037581;0066520;036517;0064635
115;017800;037738;0067175;036656;0065250
115;017900;037895;0067830;036795;0065865
115;018000;038049;0068490;036933;0066480
115;018100;038206;0069155;037072;0067100
115;018200;038363;0069820;037211;0067725
115;018300;038517;0070485;037349;0068350
115;018400;038674;0071160;037488;0068980
115;018500;038831;0071835;037627;0069610
115;018600;038985;0072510;037765;0070245
115;018700;039142;0073195;037904;0070880
115;018800;039297;0073880;038042;0071520
115;018900;039452;0074565;038179;0072160
115;019000;039608;0075255;038318;0072805
115;019100;039765;0075950;038458;0073455
115;019200;039920;0076645;038595;0074100
115;019300;040076;0077345;038734;0074755
115;019400;040233;0078050;038874;0075415
115;019500;040388;0078755;039011;0076070
115;019600;040544;0079465;039150;0076735
115;019700;040701;0080180;039290;0077400
115;019800;040856;0080895;039427;0078065
115;019900;041010;0081610;039565;0078735
115;020000;041167;0082335;039704;0079410
115;020100;041322;0083055;039842;0080080
115;020200;041478;0083785;039981;0080760
115;020300;041635;0084520;040120;0081445
115;020400;041790;0085250;040258;0082125
115;020500;041946;0085990;040397;0082815
115;020600;042103;0086730;040536;0083505
115;020700;042258;0087475;040674;0084195
115;020800;042414;0088220;040813;0084890
115;020900;042571;0088975;040952;0085590
115;021000;042724;0089720;041088;0086285
115;021100;042881;0090480;041227;0086990
115;021200;043037;0091240;041366;0087695
115;021300;043192;0092000;041504;0088405
115;021400;043349;0092765;041643;0089115
115;021500;043505;0093535;041782;0089830
115;021600;043660;0094305;041920;0090545
115;021700;043817;0095085;042059;0091270
115;021800;043973;0095860;042198;0091990
115;021900;044128;0096640;042336;0092715
115;022000;044285;0097425;042475;0093445
115;022100;044439;0098210;042613;0094175
115;022200;044596;0099005;042752;0094910
115;022300;044751;0099795;042890;0095645
115;022400;044907;0100590;043029;0096385
115;022500;045064;0101395;043168;0097130
115;022600;045219;0102195;043306;0097870
115;022700;045375;0103000;043445;0098620
115;022800;045532;0103815;043584;0099370
115;022900;045687;0104625;043722;0100125
115;023000;045843;0105440;043861;0100880
115;023100;046000;0106260;044000;0101640
115;023200;046145;0107055;044119;0102355
115;023300;046292;0107860;044241;0103080
115;023400;046440;0108670;044363;0103810
115;023500;046587;0109480;044483;0104535
115;023600;046734;0110290;044605;0105270
115;023700;046882;0111110;044727;0106005
115;023800;047029;0111930;044847;0106735
115;023900;047176;0112750;044969;0107475
115;024000;047324;0113580;045091;0108220
115;024100;047471;0114405;045211;0108960
115;024200;047618;0115235;045333;0109705
115;024300;047765;0116070;045453;0110450
115;024400;047911;0116905;045574;0111200
115;024500;048059;0117745;045695;0111955
115;024600;048207;0118590;045817;0112710
115;024700;048353;0119430;045938;0113465
115;024800;048501;0120280;046059;0114225
115;024900;048649;0121135;046181;0114990
115;025000;048795;0121990;046302;0115755
115;025100;048943;0122845;046423;0116520
115;025200;049091;0123710;046545;0117295
115;025300;049237;0124570;046666;0118065
115;025400;049383;0125435;046786;0118835
115;025500;049531;0126305;046908;0119615
115;025600;049677;0127175;047028;0120390
115;025700;049825;0128050;047150;0121175
115;025800;049973;0128930;047272;0121960
115;025900;050119;0129810;047392;0122745
115;026000;050267;0130695;047514;0123535
115;026100;050415;0131585;047636;0124330
115;026200;050561;0132470;047756;0125120
115;026300;050709;0133365;047878;0125920
115;026400;050857;0134260;048000;0126720
115;026500;051001;0135155;048119;0127515
115;026600;051149;0136055;048241;0128320
115;026700;051297;0136965;048362;0129125
115;026800;051443;0137865;048483;0129935
115;026900;051591;0138780;048605;0130745
115;027000;051739;0139695;048726;0131560
115;027100;051885;0140610;048847;0132375
115;027200;052033;0141530;048969;0133195
115;027300;052181;0142455;049090;0134015
115;027400;052327;0143375;049211;0134840
115;027500;052475;0144305;049333;0135665
115;027600;052622;0145235;049453;0136490
115;027700;052768;0146165;049573;0137315
115;027800;052916;0147105;049695;0138150
115;027900;053064;0148050;049817;0138990
115;028000;053210;0148990;049937;0139825
115;028100;053358;0149935;050059;0140665
115;028200;053506;0150885;050181;0141510
115;028300;053652;0151835;050301;0142350
115;028400;053800;0152790;050423;0143200
115;028500;053948;0153750;050545;0144055
115;028600;054094;0154710;050665;0144900
115;028700;054240;0155670;050786;0145755
115;028800;054388;0156635;050908;0146615
115;028900;054534;0157605;051028;0147470
115;029000;054682;0158580;051150;0148335
115;029100;054830;0159555;051272;0149200
115;029200;054976;0160530;051392;0150065
115;029300;055124;0161515;051514;0150935
115;029400;055272;0162500;051636;0151810
115;029500;055418;0163485;051756;0152680
115;029600;055566;0164475;051878;0153560
115;029700;055714;0165470;052000;0154440
115;029800;055860;0166465;052120;0155320
115;029900;056006;0167460;052240;0156200
115;030000;056154;0168460;052362;0157085
115;030100;056302;0169470;052484;0157975
115;030200;056448;0170475;052604;0158865
115;030300;056596;0171485;052726;0159760
115;030400;056744;0172500;052848;0160660
115;030500;056890;0173515;052968;0161550
115;030600;057038;0174535;053090;0162455
115;030700;057186;0175560;053212;0163360
115;030800;057332;0176585;053332;0164265
115;030900;057478;0177605;053453;0165170
115;031000;057626;0178640;053575;0166085
115;031100;057773;0179675;053695;0166990
115;031200;057920;0180710;053817;0167910
115;031300;058068;0181755;053939;0168830
115;031400;058215;0182795;054059;0169745
115;031500;058362;0183840;054181;0170670
115;031600;058510;0184890;054303;0171595
115;031700;058657;0185945;054423;0172520
115;031800;058804;0186995;054545;0173455
115;031900;058952;0188055;054667;0174390
115;032000;059097;0189110;054786;0175315
115;032100;059245;0190175;054907;0176250
115;032200;059393;0191245;055029;0177195
115;032300;059539;0192310;055150;0178135
115;032400;059687;0193385;055271;0179080
115;032500;059835;0194465;055393;0180025
115;032600;059981;0195540;055514;0180975
115;032700;060129;0196620;055635;0181925
115;032800;060277;0197710;055757;0182885
115;032900;060423;0198790;055878;0183840
115;033000;060571;0199885;055999;0184795
115;033100;060717;0200975;056120;0185755
115;033200;060863;0202065;056240;0186715
115;033300;061011;0203165;056362;0187685
115;033400;061159;0204270;056484;0188655
115;033500;061305;0205370;056604;0189625
115;033600;061453;0206480;056726;0190600
115;033700;061601;0207595;056848;0191580
115;033800;061747;0208705;056968;0192550
115;033900;061895;0209825;057090;0193535
115;034000;062043;0210945;057212;0194520
115;034100;062189;0212065;057332;0195500
115;034200;062335;0213185;057453;0196490
115;034300;062483;0214315;057574;0197480
115;034400;062629;0215445;057695;0198470
115;034500;062777;0216580;057817;0199470
115;034600;062925;0217720;057938;0200465
115;034700;063059;0218815;058042;0201405
115;034800;063181;0219870;058129;0202290
115;034900;063302;0220925;058216;0203175
115;035000;063423;0221980;058302;0204055
115;035100;063545;0223045;058389;0204945
115;035200;063666;0224105;058476;0205835
115;035300;063785;0225160;058561;0206720
115;035400;063907;0226230;058648;0207615
115;035500;064029;0227305;058735;0208510
115;035600;064149;0228370;058821;0209405
115;035700;064271;0229445;058908;0210300
115;035800;064393;0230525;058995;0211200
115;035900;064513;0231600;059081;0212100
115;036000;064635;0232685;059168;0213005
115;036100;064757;0233775;059255;0213910
115;036200;064877;0234855;059341;0214815
115;036300;064999;0235945;059428;0215725
115;036400;065120;0237035;059514;0216630
115;036500;065240;0238125;059600;0217540
115;036600;065362;0239225;059687;0218455
115;036700;065484;0240325;059774;0219370
115;036800;065604;0241425;059860;0220285
115;036900;065726;0242530;059947;0221205
115;037000;065848;0243640;060034;0222125
115;037100;065968;0244740;060120;0223045
115;037200;066090;0245855;060207;0223970
115;037300;066212;0246970;060294;0224895
115;037400;066332;0248080;060380;0225820
115;037500;066452;0249195;060466;0226750
115;037600;066574;0250320;060553;0227680
115;037700;066696;0251445;060640;0228615
115;037800;066816;0252565;060726;0229545
115;037900;066938;0253695;060813;0230480
115;038000;067060;0254830;060900;0231420
115;038100;067180;0255955;060986;0232355
115;038200;067302;0257095;061073;0233300
115;038300;067424;0258235;061160;0234245
115;038400;067544;0259370;061246;0235185
115;038500;067666;0260515;061333;0236130
115;038600;067787;0261660;061419;0237075
115;038700;067907;0262800;061505;0238025
115;038800;068029;0263955;061592;0238975
115;038900;068151;0265105;061679;0239930
115;039000;068271;0266255;061765;0240885
115;039100;068393;0267415;061852;0241840
115;039200;068515;0268580;061939;0242800
115;039300;068635;0269735;062025;0243760
115;039400;068757;0270905;062112;0244720
115;039500;068879;0272070;062199;0245685
115;039600;068999;0273235;062285;0246650
115;039700;069119;0274400;062371;0247615
115;039800;069241;0275580;062458;0248585
115;039900;069362;0276755;062544;0249550
115;040000;069483;0277930;062631;0250525
115;040100;069605;0279115;062718;0251500
115;040200;069726;0280300;062804;0252470
115;040300;069847;0281485;062891;0253450
115;040400;069969;0282675;062978;0254430
115;040500;070090;0283865;063064;0255410
115;040600;070211;0285055;063151;0256395
115;040700;070333;0286255;063238;0257380
115;040800;070452;0287445;063323;0258360
115;040900;070574;0288650;063410;0259345
115;041000;070696;0289855;063497;0260340
115;041100;070816;0291055;063583;0261325
115;041200;070938;0292265;063670;0262320
115;041300;071060;0293480;063757;0263315
115;041400;071180;0294685;063843;0264310
115;041500;071302;0295905;063930;0265310
115;041600;071424;0297125;064017;0266310
115;041700;071544;0298340;064103;0267310
115;041800;071666;0299565;064190;0268315
115;041900;071786;0300785;064276;0269315
115;042000;071907;0302010;064362;0270320
115;042100;072029;0303240;064449;0271330
115;042200;072150;0304475;064536;0272340
115;042300;072271;0305705;064622;0273350
115;042400;072393;0306945;064709;0274365
115;042500;072514;0308185;064796;0275385
115;042600;072635;0309425;064882;0276395
115;042700;072757;0310670;064969;0277420
115;042800;072878;0311920;065056;0278440
115;042900;072999;0313165;065142;0279460
115;043000;073119;0314410;065228;0280480
115;043100;073241;0315670;065315;0281510
115;043200;073361;0316920;065401;0282530
115;043300;073483;0318180;065488;0283565
115;043400;073605;0319445;065575;0284595
115;043500;073725;0320705;065661;0285625
115;043600;073847;0321975;065748;0286660
115;043700;073969;0323245;065835;0287700
115;043800;074089;0324510;065921;0288735
115;043900;074211;0325785;066008;0289775
115;044000;074333;0327065;066095;0290820
115;044100;074452;0328335;066180;0291855
115;044200;074574;0329615;066267;0292900
115;044300;074696;0330905;066354;0293950
115;044400;074816;0332185;066440;0294995
115;044500;074938;0333475;066527;0296045
115;044600;075060;0334770;066614;0297100
115;044700;075180;0336055;066700;0298150
115;044800;075302;0337355;066787;0299205
115;044900;075424;0338655;066874;0300265
115;045000;075544;0339950;066960;0301320
115;045100;075666;0341255;067047;0302380
115;045200;075786;0342555;067133;0303440
115;045300;075908;0343865;067220;0304505
115;045400;076028;0345165;067306;0305570
115;045500;076150;0346485;067393;0306640
115;045600;076272;0347800;067480;0307710
115;045700;076392;0349110;067566;0308775
115;045800;076514;0350435;067653;0309850
115;045900;076636;0351760;067740;0310925
115;046000;076756;0353080;067826;0312000
115;046100;076878;0354410;067913;0313080
115;046200;077000;0355740;068000;0314160
115;046300;077111;0357025;068060;0315120
115;046400;077224;0358320;068120;0316075
115;046500;077337;0359615;068181;0317040
115;046600;077449;0360910;068242;0318010
115;046700;077562;0362215;068302;0318970
115;046800;077675;0363520;068363;0319940
115;046900;077787;0364820;068424;0320910
115;047000;077900;0366130;068484;0321875
115;047100;078013;0367440;068545;0322845
115;047200;078125;0368750;068606;0323820
115;047300;078238;0370065;068666;0324790
115;047400;078349;0371375;068727;0325765
115;047500;078461;0372690;068787;0326740
115;047600;078574;0374010;068848;0327715
115;047700;078687;0375335;068909;0328695
115;047800;078799;0376660;068969;0329670
115;047900;078912;0377990;069030;0330655
115;048000;079025;0379320;069091;0331635
115;048100;079137;0380650;069151;0332615
115;048200;079250;0381985;069212;0333600
115;048300;079363;0383325;069273;0334590
115;048400;079475;0384660;069333;0335570
115;048500;079587;0385995;069393;0336555
115;048600;079700;0387340;069454;0337545
115;048700;079812;0388685;069514;0338535
115;048800;079925;0390035;069575;0339525
115;048900;080038;0391385;069636;0340520
115;049000;080150;0392735;069696;0341510
115;049100;080263;0394090;069757;0342505
115;049200;080376;0395450;069818;0343505
115;049300;080488;0396805;069878;0344500
115;049400;080601;0398170;069939;0345500
115;049500;080714;0399535;070000;0346500
115;049600;080825;0400890;070059;0347495
115;049700;080938;0402260;070120;0348495
115;049800;081051;0403635;070181;0349500
115;049900;081163;0405005;070241;0350505
115;050000;081276;0406380;070302;0351510
115;050100;081389;0407760;070363;0352520
115;050200;081501;0409135;070423;0353525
115;050300;081614;0410520;070484;0354535
115;050400;081727;0411905;070545;0355545
115;050500;081839;0413285;070605;0356555
115;050600;081952;0414675;070666;0357570
115;050700;082064;0416065;070727;0358585
115;050800;082175;0417450;070787;0359600
115;050900;082288;0418845;070848;0360615
115;051000;082402;0420250;070909;0361635
115;051100;082513;0421640;070969;0362650
115;051200;082626;0423045;071030;0363675
115;051300;082740;0424455;071091;0364695
115;051400;082851;0425855;071151;0365715
115;051500;082964;0427265;071212;0366740
115;051600;083078;0428680;071273;0367770
115;051700;083189;0430085;071333;0368790
115;051800;083301;0431500;071393;0369815
115;051900;083414;0432920;071454;0370845
115;052000;083526;0434335;071514;0371875
115;052100;083639;0435760;071575;0372905
115;052200;083752;0437185;071636;0373940
115;052300;083864;0438610;071696;0374970
115;052400;083977;0440040;071757;0376005
115;052500;084090;0441475;071818;0377045
115;052600;084202;0442905;071878;0378080
115;052700;084315;0444340;071939;0379120
115;052800;084428;0445780;072000;0380160
115;052900;084540;0447215;072060;0381195
115;053000;084652;0448655;072120;0382235
115;053100;084765;0450100;072181;0383280
115;053200;084878;0451550;072242;0384325
115;053300;084990;0452995;072302;0385370
115;053400;085103;0454450;072363;0386420
115;053500;085216;0455905;072424;0387470
115;053600;085328;0457360;072484;0388515
115;053700;085441;0458820;072545;0389565
115;053800;085554;0460280;072606;0390620
115;053900;085666;0461740;072666;0391670
115;054000;085778;0463200;072726;0392720
115;054100;085891;0464670;072787;0393780
115;054200;086003;0466135;072848;0394835
115;054300;086116;0467610;072908;0395890
115;054400;086229;0469085;072969;0396950
115;054500;086341;0470560;073030;0398015
115;054600;086454;0472040;073090;0399070
115;054700;086567;0473520;073151;0400135
115;054800;086679;0475000;073212;0401200
115;054900;086792;0476490;073272;0402265
115;055000;086905;0477980;073333;0403330
115;055100;087015;0479455;073393;0404395
115;055200;087128;0480945;073454;0405465
115;055300;087241;0482445;073515;0406540
115;055400;087353;0483935;073575;0407605
115;055500;087466;0485435;073636;0408680
115;055600;087579;0486940;073697;0409755
115;055700;087691;0488440;073757;0410825
115;055800;087804;0489945;073818;0411905
115;055900;087917;0491455;073879;0412985
115;056000;088029;0492960;073939;0414060
115;056100;088142;0494475;074000;0415140
115;056200;088254;0495985;074060;0416215
115;056300;088366;0497500;074120;0417295
115;056400;088479;0499020;074181;0418380
115;056500;088592;0500545;074242;0419465
115;056600;088704;0502065;074302;0420550
115;056700;088817;0503590;074363;0421640
115;056800;088930;0505120;074424;0422730
115;056900;089042;0506650;074484;0423815
115;057000;089155;0508185;074545;0424905
115;057100;089268;0509720;074606;0426000
115;057200;089380;0511255;074666;0427090
115;057300;089492;0512790;074726;0428180
115;057400;089605;0514335;074787;0429275
115;057500;089717;0515875;074847;0430370
115;057600;089830;0517420;074908;0431470
115;057700;089943;0518970;074969;0432570
115;057800;090063;0520565;075021;0433620
115;057900;090194;0522225;075065;0434625
115;058000;090324;0523880;075108;0435625
115;058100;090453;0525530;075151;0436625
115;058200;090584;0527200;075195;0437635
115;058300;090714;0528865;075238;0438640
115;058400;090842;0530515;075281;0439640
115;058500;090972;0532185;075324;0440645
115;058600;091103;0533865;075368;0441655
115;058700;091232;0535530;075411;0442665
115;058800;091362;0537210;075454;0443670
115;058900;091493;0538895;075498;0444685
115;059000;091622;0540570;075541;0445690
115;059100;091752;0542255;075584;0446700
115;059200;091883;0543945;075628;0447720
115;059300;092012;0545630;075671;0448730
115;059400;092142;0547325;075714;0449740
115;059500;092271;0549010;075757;0450755
115;059600;092400;0550705;075800;0451770
115;059700;092531;0552410;075844;0452790
115;059800;092661;0554115;075887;0453805
115;059900;092790;0555810;075930;0454820
115;060000;092921;0557525;075974;0455845
115;060100;093051;0559235;076017;0456860
115;060200;093180;0560945;076060;0457880
115;060300;093311;0562665;076104;0458905
115;060400;093441;0564385;076147;0459930
115;060500;093570;0566100;076190;0460950
115;060600;093699;0567815;076233;0461970
115;060700;093830;0569550;076277;0463000
115;060800;093960;0571275;076320;0464025
115;060900;094089;0573000;076363;0465050
115;061000;094220;0574740;076407;0466085
115;061100;094350;0576480;076450;0467110
115;061200;094479;0578210;076493;0468135
115;061300;094610;0579960;076537;0469170
115;061400;094740;0581705;076580;0470200
115;061500;094869;0583445;076623;0471230
115;061600;095000;0585200;076667;0472270
115;061700;095129;0586945;076710;0473300
115;061800;095258;0588695;076753;0474335
115;061900;095388;0590450;076796;0475365
115;062000;095519;0592220;076840;0476410
115;062100;095648;0593975;076883;0477445
115;062200;095778;0595740;076926;0478480
115;062300;095909;0597515;076970;0479525
115;062400;096038;0599275;077013;0480560
115;062500;096168;0601050;077056;0481600
115;062600;096299;0602830;077100;0482645
115;062700;096428;0604605;077143;0483685
115;062800;096557;0606380;077186;0484730
115;062900;096687;0608160;077229;0485770
115;063000;096816;0609940;077272;0486815
115;063100;096947;0611735;077316;0487865
115;063200;097077;0613525;077359;0488910
115;063300;097206;0615315;077402;0489955
115;063400;097337;0617115;077446;0491010
115;063500;097467;0618915;077489;0492055
115;063600;097596;0620710;077532;0493105
115;063700;097727;0622520;077576;0494160
115;063800;097857;0624330;077619;0495210
115;063900;097985;0626125;077662;0496260
115;064000;098115;0627935;077705;0497310
115;064100;098246;0629755;077749;0498370
115;064200;098375;0631570;077792;0499425
115;064300;098505;0633385;077835;0500480
115;064400;098636;0635215;077879;0501540
115;064500;098765;0637035;077922;0502595
115;064600;098895;0638860;077965;0503655
115;064700;099026;0640700;078009;0504720
115;064800;099155;0642525;078052;0505775
115;064900;099285;0644360;078095;0506835
115;065000;099414;0646190;078138;0507895
115;065100;099543;0648025;078181;0508960
115;065200;099674;0649875;078225;0510025
115;065300;099804;0651720;078268;0511090
115;065400;099933;0653560;078311;0512155
115;065500;100064;0655420;078355;0513225
115;065600;100194;0657275;078398;0514290
115;065700;100323;0659120;078441;0515355
115;065800;100454;0660985;078485;0516430
115;065900;100584;0662850;078528;0517500
115;066000;100713;0664705;078571;0518570
115;066100;100842;0666565;078614;0519640
115;066200;100973;0668440;078658;0520715
115;066300;101102;0670305;078701;0521790
115;066400;101232;0672180;078744;0522860
115;066500;101363;0674065;078788;0523940
115;066600;101492;0675935;078831;0525015
115;066700;101622;0677820;078874;0526090
115;066800;101753;0679710;078918;0527170
115;066900;101882;0681590;078961;0528250
115;067000;102012;0683480;079004;0529325
115;067100;102143;0685380;079048;0530410
115;067200;102270;0687255;079090;0531485
115;067300;102401;0689160;079134;0532570
115;067400;102531;0691060;079177;0533655
115;067500;102660;0692955;079220;0534735
115;067600;102791;0694865;079264;0535825
115;067700;102921;0696775;079307;0536910
115;067800;103050;0698680;079350;0537995
115;067900;103181;0700600;079394;0539085
115;068000;103311;0702515;079437;0540170
115;068100;103440;0704425;079480;0541260
115;068200;103571;0706355;079524;0542355
115;068300;103700;0708270;079567;0543445
115;068400;103830;0710195;079610;0544530
115;068500;103959;0712120;079653;0545625
115;068600;104090;0714055;079697;0546720
115;068700;104220;0715990;079740;0547815
115;068800;104349;0717920;079783;0548905
115;068900;104480;0719865;079827;0550010
115;069000;104610;0721810;079870;0551105
115;069100;104739;0723745;079913;0552200
115;069200;104870;0725700;079957;0553300
115;069300;105000;0727650;080000;0554400
115;069400;105111;0729470;080034;0555435
115;069500;105224;0731305;080069;0556480
115;069600;105337;0733145;080104;0557525
115;069700;105449;0734980;080138;0558560
115;069800;105562;0736825;080173;0559610
115;069900;105675;0738670;080208;0560655
115;070000;105787;0740510;080242;0561695
115;070100;105900;0742360;080277;0562740
115;070200;106013;0744210;080312;0563790
115;070300;106125;0746060;080346;0564830
115;070400;106238;0747915;080381;0565880
115;070500;106349;0749760;080415;0566925
115;070600;106461;0751615;080450;0567975
115;070700;106574;0753480;080484;0569020
115;070800;106687;0755345;080519;0570075
115;070900;106799;0757205;080554;0571130
115;071000;106912;0759075;080588;0572175
115;071100;107025;0760950;080623;0573230
115;071200;107137;0762815;080658;0574285
115;071300;107250;0764695;080692;0575335
115;071400;107363;0766570;080727;0576390
115;071500;107475;0768445;080762;0577450
115;071600;107587;0770325;080796;0578500
115;071700;107700;0772210;080831;0579560
115;071800;107812;0774090;080865;0580610
115;071900;107925;0775980;080900;0581670
115;072000;108038;0777875;080935;0582730
115;072100;108150;0779760;080969;0583785
115;072200;108263;0781660;081004;0584850
115;072300;108376;0783560;081039;0585910
115;072400;108488;0785455;081073;0586970
115;072500;108601;0787355;081108;0588035
115;072600;108714;0789265;081143;0589100
115;072700;108825;0791160;081177;0590155
115;072800;108938;0793070;081212;0591225
115;072900;109051;0794980;081246;0592285
115;073000;109163;0796890;081281;0593350
115;073100;109276;0798810;081316;0594420
115;073200;109389;0800725;081350;0595480
115;073300;109501;0802640;081385;0596550
115;073400;109614;0804565;081420;0597625
115;073500;109727;0806495;081454;0598685
115;073600;109839;0808415;081489;0599760
115;073700;109952;0810345;081524;0600830
115;073800;110064;0812270;081558;0601900
115;073900;110175;0814195;081592;0602965
115;074000;110288;0816130;081627;0604040
115;074100;110402;0818080;081662;0605115
115;074200;110513;0820005;081696;0606185
115;074300;110626;0821950;081731;0607260
115;074400;110740;0823905;081766;0608340
115;074500;110851;0825840;081800;0609410
115;074600;110964;0827790;081835;0610490
115;074700;111078;0829755;081870;0611570
115;074800;111189;0831695;081904;0612640
115;074900;111301;0833645;081939;0613725
115;075000;111414;0835605;081974;0614805
115;075100;111526;0837560;082008;0615880
115;075200;111639;0839525;082043;0616965
115;075300;111752;0841495;082078;0618045
115;075400;111864;0843455;082112;0619125
115;075500;111977;0845425;082147;0620210
115;075600;112090;0847400;082182;0621295
115;075700;112202;0849370;082216;0622375
115;075800;112315;0851350;082251;0623465
115;075900;112428;0853330;082286;0624550
115;076000;112540;0855305;082320;0625630
115;076100;112652;0857280;082354;0626715
115;076200;112765;0859270;082389;0627805
115;076300;112878;0861260;082424;0628895
115;076400;112990;0863245;082458;0629980
115;076500;113103;0865240;082493;0631070
115;076600;113216;0867235;082528;0632165
115;076700;113328;0869225;082562;0633250
115;076800;113441;0871225;082597;0634345
115;076900;113554;0873230;082632;0635440
115;077000;113666;0875230;082666;0636530
115;077100;113778;0877230;082701;0637625
115;077200;113891;0879240;082736;0638720
115;077300;114003;0881245;082770;0639810
115;077400;114116;0883260;082805;0640910
115;077500;114229;0885275;082840;0642010
115;077600;114341;0887285;082874;0643100
115;077700;114454;0889310;082909;0644205
115;077800;114567;0891330;082944;0645305
115;077900;114679;0893350;082978;0646400
115;078000;114792;0895380;083013;0647500
115;078100;114905;0897410;083048;0648605
115;078200;115015;0899415;083082;0649700
115;078300;115128;0901450;083116;0650800
115;078400;115241;0903490;083151;0651905
115;078500;115353;0905520;083186;0653010
115;078600;115466;0907565;083220;0654110
115;078700;115579;0909605;083255;0655215
115;078800;115691;0911645;083290;0656325
115;078900;115804;0913695;083324;0657425
115;079000;115917;0915745;083359;0658535
115;079100;116029;0917790;083394;0659645
115;079200;116142;0919845;083428;0660750
115;079300;116254;0921895;083463;0661860
115;079400;116366;0923945;083497;0662965
115;079500;116479;0926010;083532;0664080
115;079600;116592;0928070;083567;0665195
115;079700;116704;0930130;083601;0666300
115;079800;116817;0932200;083636;0667415
115;079900;116930;0934270;083671;0668530
115;080000;117042;0936335;083705;0669640
115;080100;117155;0938410;083740;0670755
115;080200;117268;0940490;083775;0671875
115;080300;117380;0942560;083809;0672985
115;080400;117492;0944635;083844;0674105
115;080500;117605;0946720;083878;0675220
115;080600;117717;0948800;083913;0676340
115;080700;117830;0950890;083948;0677460
115;080800;117943;0952980;083982;0678575
115;080900;118050;0955025;084017;0679700
115;081000;118155;0957055;084052;0680820
115;081100;118259;0959080;084086;0681935
115;081200;118362;0961100;084121;0683065
115;081300;118467;0963135;084156;0684190
115;081400;118571;0965170;084190;0685305
115;081500;118673;0967185;084224;0686425
115;081600;118778;0969230;084259;0687555
115;081700;118882;0971265;084294;0688680
115;081800;118985;0973295;084328;0689805
115;081900;119090;0975345;084363;0690935
115;082000;119194;0977390;084398;0692065
115;082100;119297;0979430;084432;0693185
115;082200;119402;0981485;084467;0694320
115;082300;119506;0983535;084502;0695450
115;082400;119609;0985580;084536;0696575
115;082500;119714;0987640;084571;0697710
115;082600;119817;0989690;084606;0698845
115;082700;119920;0991740;084640;0699975
115;082800;120024;0993800;084675;0701110
115;082900;120129;0995870;084710;0702245
115;083000;120232;0997925;084744;0703375
115;083100;120336;0999990;084779;0704515
115;083200;120441;1002070;084814;0705650
115;083300;120544;1004130;084848;0706785
115;083400;120648;1006205;084883;0707925
115;083500;120753;1008290;084918;0709065
115;083600;120856;1010355;084952;0710200
115;083700;120959;1012425;084986;0711335
115;083800;121064;1014515;085021;0712475
115;083900;121168;1016600;085056;0713620
115;084000;121271;1018675;085090;0714755
115;084100;121376;1020770;085125;0715900
115;084200;121480;1022860;085160;0717045
115;084300;121583;1024945;085194;0718185
115;084400;121688;1027045;085229;0719335
115;084500;121792;1029140;085264;0720480
115;084600;121895;1031230;085298;0721620
115;084700;122000;1033340;085333;0722770
115;084800;122103;1035435;085368;0723920
115;084900;122206;1037530;085402;0725065
115;085000;122310;1039635;085437;0726215
115;085100;122415;1041750;085472;0727365
115;085200;122518;1043855;085506;0728510
115;085300;122622;1045965;085541;0729665
115;085400;122727;1048090;085576;0730820
115;085500;122830;1050195;085610;0731965
115;085600;122934;1052315;085645;0733120
115;085700;123039;1054445;085680;0734280
115;085800;123142;1056560;085714;0735425
115;085900;123245;1058675;085748;0736575
115;086000;123350;1060810;085783;0737735
115;086100;123453;1062930;085818;0738895
115;086200;123557;1065060;085852;0740045
115;086300;123662;1067205;085887;0741205
115;086400;123765;1069330;085922;0742365
115;086500;123869;1071465;085956;0743520
115;086600;123974;1073615;085991;0744680
115;086700;124077;1075750;086026;0745845
115;086800;124181;1077890;086060;0747000
115;086900;124286;1080045;086095;0748165
115;087000;124388;1082175;086129;0749320
115;087100;124492;1084325;086164;0750490
115;087200;124596;1086475;086199;0751655
115;087300;124700;1088630;086233;0752815
115;087400;124804;1090785;086268;0753980
115;087500;124908;1092945;086303;0755150
115;087600;125012;1095105;086337;0756310
115;087700;125116;1097265;086372;0757480
115;087800;125220;1099430;086407;0758655
115;087900;125324;1101600;086441;0759815
115;088000;125428;1103765;086476;0760990
115;088100;125531;1105930;086510;0762155
115;088200;125634;1108090;086545;0763325
115;088300;125739;1110275;086580;0764500
115;088400;125843;1112450;086614;0765670
115;088500;125946;1114620;086649;0766845
115;088600;126051;1116810;086684;0768020
115;088700;126155;1118995;086718;0769190
115;088800;126258;1121170;086753;0770365
115;088900;126363;1123365;086788;0771545
115;089000;126467;1125555;086822;0772715
115;089100;126570;1127740;086857;0773895
115;089200;126674;1129930;086891;0775070
115;089300;126778;1132130;086926;0776250
115;089400;126881;1134315;086960;0777420
115;089500;126986;1136525;086995;0778605
115;089600;127090;1138725;087030;0779790
115;089700;127193;1140920;087064;0780965
115;089800;127298;1143135;087099;0782150
115;089900;127402;1145345;087134;0783335
115;090000;127505;1147545;087168;0784510
115;090100;127610;1149765;087203;0785700
115;090200;127714;1151980;087238;0786885
115;090300;127816;1154180;087272;0788065
115;090400;127920;1156395;087307;0789255
115;090500;128025;1158625;087342;0790445
115;090600;128128;1160840;087376;0791625
115;090700;128232;1163065;087411;0792820
115;090800;128337;1165300;087446;0794010
115;090900;128440;1167520;087480;0795195
115;091000;128544;1169750;087515;0796385
115;091100;128649;1171990;087550;0797580
115;091200;128752;1174220;087584;0798765
115;091300;128856;1176455;087619;0799960
115;091400;128960;1178695;087653;0801150
115;091500;129064;1180935;087688;0802345
115;091600;129167;1183170;087722;0803535
115;091700;129272;1185425;087757;0804730
115;091800;129376;1187670;087792;0805930
115;091900;129479;1189910;087826;0807120
115;092000;129584;1192175;087861;0808320
115;092100;129688;1194425;087896;0809520
115;092200;129791;1196675;087930;0810715
115;092300;129896;1198940;087965;0811915
115;092400;130000;1201200;088000;0813120
115;092500;130026;1202740;088017;0814155
115;092600;130052;1204280;088034;0815195
115;092700;130078;1205825;088052;0816240
115;092800;130104;1207365;088069;0817280
115;092900;130130;1208910;088086;0818320
115;093000;130156;1210450;088104;0819365
115;093100;130182;1211995;088121;0820405
115;093200;130208;1213540;088138;0821445
115;093300;130234;1215085;088156;0822495
115;093400;130260;1216630;088173;0823535
115;093500;130286;1218175;088190;0824575
115;093600;130311;1219710;088208;0825625
115;093700;130337;1221260;088225;0826670
115;093800;130363;1222805;088242;0827710
115;093900;130389;1224355;088260;0828760
115;094000;130415;1225900;088277;0829805
115;094100;130441;1227450;088294;0830845
115;094200;130467;1229000;088312;0831900
115;094300;130493;1230550;088329;0832940
115;094400;130519;1232100;088346;0833985
115;094500;130545;1233650;088364;0835040
115;094600;130571;1235200;088381;0836085
115;094700;130597;1236755;088398;0837130
115;094800;130623;1238305;088415;0838175
115;094900;130649;1239860;088433;0839230
115;095000;130675;1241415;088450;0840275
115;095100;130701;1242965;088467;0841320
115;095200;130727;1244520;088485;0842375
115;095300;130753;1246075;088502;0843425
115;095400;130779;1247630;088519;0844470
115;095500;130805;1249190;088537;0845530
115;095600;130831;1250745;088554;0846575
115;095700;130857;1252300;088571;0847625
115;095800;130883;1253860;088588;0848675
115;095900;130909;1255415;088606;0849730
115;096000;130935;1256975;088623;0850780
115;096100;130961;1258535;088640;0851830
115;096200;130987;1260095;088658;0852890
115;096300;131013;1261655;088675;0853940
115;096400;131039;1263215;088692;0854990
115;096500;131065;1264775;088710;0856050
115;096600;131091;1266340;088727;0857105
115;096700;131117;1267900;088744;0858155
115;096800;131143;1269465;088762;0859215
115;096900;131169;1271030;088779;0860270
115;097000;131194;1272580;088796;0861320
115;097100;131220;1274145;088814;0862385
115;097200;131247;1275720;088831;0863435
115;097300;131272;1277275;088848;0864490
115;097400;131298;1278845;088866;0865555
115;097500;131325;1280420;088883;0866610
115;097600;131350;1281975;088900;0867665
115;097700;131376;1283545;088918;0868730
115;097800;131403;1285120;088935;0869785
115;097900;131428;1286680;088952;0870840
115;098000;131454;1288250;088969;0871895
115;098100;131480;1289820;088987;0872960
115;098200;131506;1291390;089004;0874020
115;098300;131532;1292960;089021;0875075
115;098400;131558;1294530;089039;0876145
115;098500;131584;1296100;089056;0877200
115;098600;131610;1297675;089073;0878260
115;098700;131636;1299245;089091;0879330
115;098800;131662;1300820;089108;0880385
115;098900;131688;1302395;089125;0881445
115;099000;131714;1303970;089143;0882515
115;099100;131740;1305545;089160;0883575
115;099200;131766;1307120;089177;0884635
115;099300;131792;1308695;089195;0885705
115;099400;131818;1310270;089212;0886765
115;099500;131844;1311850;089229;0887830
115;099600;131870;1313425;089247;0888900
115;099700;131896;1315005;089264;0889960
115;099800;131922;1316580;089281;0891025
115;099900;131948;1318160;089299;0892095
115;100000;131974;1319740;089316;0893160
115;100100;132000;1321320;089333;0894225
115;100200;132026;1322900;089350;0895285
115;100300;132052;1324480;089368;0896360
115;100400;132078;1326065;089385;0897425
115;100500;132104;1327645;089402;0898490
115;100600;132130;1329230;089420;0899565
115;100700;132156;1330810;089437;0900630
115;100800;132182;1332395;089454;0901695
115;100900;132208;1333980;089472;0902770
115;101000;132234;1335565;089489;0903840
115;101100;132260;1337150;089506;0904905
115;101200;132286;1338735;089524;0905985
115;101300;132311;1340310;089541;0907050
115;101400;132337;1341895;089558;0908120
115;101500;132363;1343485;089576;0909195
115;101600;132389;1345070;089593;0910265
115;101700;132415;1346660;089610;0911335
115;101800;132441;1348250;089628;0912415
115;101900;132467;1349840;089645;0913485
115;102000;132493;1351430;089662;0914550
115;102100;132519;1353020;089680;0915635
115;102200;132545;1354610;089697;0916705
115;102300;132571;1356200;089714;0917775
115;102400;132597;1357795;089731;0918845
115;102500;132623;1359385;089749;0919925
115;102600;132649;1360980;089766;0921000
115;102700;132675;1362570;089783;0922070
115;102800;132701;1364165;089801;0923155
115;102900;132727;1365760;089818;0924225
115;103000;132753;1367355;089835;0925300
115;103100;132779;1368950;089853;0926385
115;103200;132805;1370550;089870;0927460
115;103300;132831;1372145;089887;0928535
115;103400;132857;1373740;089905;0929620
115;103500;132883;1375340;089922;0930695
115;103600;132909;1376935;089939;0931770
115;103700;132935;1378535;089956;0932845
115;103800;132961;1380135;089974;0933930
115;103900;132987;1381735;089991;0935005
115;104000;133008;1383285;090004;0936040
115;104100;133026;1384800;090013;0937035
115;104200;133043;1386310;090022;0938030
115;104300;133060;1387815;090030;0939015
115;104400;133078;1389335;090039;0940005
115;104500;133095;1390845;090048;0941000
115;104600;133112;1392350;090056;0941985
115;104700;133130;1393870;090065;0942980
115;104800;133147;1395380;090074;0943975
115;104900;133164;1396890;090082;0944960
115;105000;133182;1398410;090091;0945955
115;105100;133199;1399920;090100;0946950
115;105200;133216;1401430;090108;0947935
115;105300;133234;1402955;090117;0948930
115;105400;133251;1404465;090126;0949930
115;105500;133268;1405975;090134;0950915
115;105600;133286;1407500;090143;0951910
115;105700;133303;1409015;090151;0952895
115;105800;133320;1410525;090160;0953895
115;105900;133337;1412040;090169;0954890
115;106000;133355;1413565;090177;0955875
115;106100;133372;1415075;090186;0956875
115;106200;133389;1416590;090195;0957870
115;106300;133407;1418115;090203;0958860
115;106400;133424;1419630;090212;0959855
115;106500;133441;1421145;090221;0960855
115;106600;133459;1422675;090229;0961840
115;106700;133476;1424190;090238;0962840
115;106800;133493;1425705;090247;0963840
115;106900;133511;1427235;090255;0964825
115;107000;133528;1428750;090264;0965825
115;107100;133545;1430265;090273;0966825
115;107200;133563;1431795;090281;0967810
115;107300;133580;1433315;090290;0968810
115;107400;133597;1434830;090299;0969810
115;107500;133615;1436360;090307;0970800
115;107600;133632;1437880;090316;0971800
115;107700;133649;1439400;090325;0972800
115;107800;133667;1440930;090333;0973790
115;107900;133684;1442450;090342;0974790
115;108000;133701;1443970;090351;0975790
115;108100;133718;1445490;090359;0976780
115;108200;133736;1447025;090368;0977780
115;108300;133753;1448545;090377;0978785
115;108400;133770;1450065;090385;0979775
115;108500;133788;1451600;090394;0980775
115;108600;133805;1453120;090403;0981775
115;108700;133822;1454645;090411;0982770
115;108800;133840;1456180;090420;0983770
115;108900;133857;1457705;090429;0984770
115;109000;133874;1459225;090437;0985765
115;109100;133892;1460760;090446;0986765
115;109200;133909;1462285;090454;0987760
115;109300;133926;1463810;090463;0988760
115;109400;133944;1465345;090472;0989765
115;109500;133961;1466875;090480;0990755
115;109600;133978;1468400;090489;0991760
115;109700;133996;1469935;090498;0992765
115;109800;134013;1471465;090506;0993755
115;109900;134030;1472990;090515;0994760
115;110000;134048;1474530;090524;0995765
115;110100;134065;1476055;090532;0996755
115;110200;134082;1477585;090541;0997760
115;110300;134099;1479110;090550;0998765
115;110400;134117;1480650;090558;0999760
115;110500;134134;1482180;090567;1000765
115;110600;134151;1483710;090576;1001770
115;110700;134169;1485250;090584;1002765
115;110800;134186;1486780;090593;1003770
115;110900;134203;1488310;090602;1004775
115;111000;134221;1489855;090610;1005770
115;111100;134238;1491385;090619;1006775
115;111200;134255;1492915;090628;1007785
115;111300;134272;1494445;090636;1008780
115;111400;134290;1495990;090645;1009785
115;111500;134307;1497525;090654;1010790
115;111600;134324;1499055;090662;1011790
115;111700;134342;1500600;090671;1012795
115;111800;134359;1502135;090680;1013800
115;111900;134376;1503665;090688;1014800
115;112000;134394;1505215;090697;1015805
115;112100;134411;1506745;090706;1016815
115;112200;134428;1508280;090714;1017810
115;112300;134446;1509830;090723;1018820
115;112400;134463;1511365;090732;1019830
115;112500;134480;1512900;090740;1020825
115;112600;134498;1514445;090749;1021835
115;112700;134515;1515985;090758;1022845
115;112800;134532;1517520;090766;1023840
115;112900;134550;1519070;090775;1024850
115;113000;134567;1520605;090784;1025860
115;113100;134584;1522145;090792;1026860
115;113200;134602;1523695;090801;1027865
115;113300;134619;1525235;090810;1028875
115;113400;134636;1526770;090818;1029875
115;113500;134653;1528310;090827;1030885
115;113600;134671;1529865;090835;1031885
115;113700;134688;1531405;090844;1032895
115;113800;134705;1532945;090853;1033905
115;113900;134723;1534495;090861;1034905
115;114000;134740;1536035;090870;1035920
115;114100;134757;1537575;090879;1036930
115;114200;134775;1539130;090887;1037930
115;114300;134792;1540675;090896;1038940
115;114400;134809;1542215;090905;1039955
115;114500;134827;1543770;090913;1040955
115;114600;134844;1545310;090922;1041965
115;114700;134861;1546855;090931;1042980
115;114800;134879;1548410;090939;1043980
115;114900;134896;1549955;090948;1044995
115;115000;134913;1551500;090957;1046005
115;115100;134931;1553055;090965;1047005
115;115200;134948;1554600;090974;1048020
115;115300;134965;1556145;090983;1049035
115;115400;134983;1557705;090991;1050035
115;115500;135000;1559250;091000;1051050
115;115600;135004;1560645;091009;1052065
115;115700;135009;1562055;091017;1053065
115;115800;135013;1563450;091026;1054080
115;115900;135017;1564845;091035;1055095
115;116000;135022;1566255;091043;1056100
115;116100;135026;1567650;091052;1057115
115;116200;135030;1569050;091061;1058130
115;116300;135035;1570455;091069;1059130
115;116400;135039;1571855;091078;1060150
115;116500;135043;1573250;091087;1061165
115;116600;135048;1574660;091095;1062170
115;116700;135052;1576055;091104;1063185
115;116800;135056;1577455;091112;1064190
115;116900;135061;1578865;091121;1065205
115;117000;135065;1580260;091130;1066220
115;117100;135069;1581660;091138;1067225
115;117200;135074;1583065;091147;1068245
115;117300;135078;1584465;091156;1069260
115;117400;135082;1585865;091164;1070265
115;117500;135087;1587270;091173;1071285
115;117600;135091;1588670;091182;1072300
115;117700;135095;1590070;091190;1073305
115;117800;135100;1591480;091199;1074325
115;117900;135104;1592875;091208;1075340
115;118000;135108;1594275;091216;1076350
115;118100;135113;1595685;091225;1077365
115;118200;135117;1597085;091234;1078385
115;118300;135121;1598480;091242;1079395
115;118400;135126;1599890;091251;1080410
115;118500;135130;1601290;091260;1081430
115;118600;135134;1602690;091268;1082440
115;118700;135139;1604100;091277;1083460
115;118800;135143;1605500;091286;1084480
115;118900;135147;1606900;091294;1085485
115;119000;135151;1608295;091303;1086505
115;119100;135156;1609710;091312;1087525
115;119200;135160;1611105;091320;1088535
115;119300;135164;1612505;091329;1089555
115;119400;135169;1613920;091338;1090575
115;119500;135173;1615315;091346;1091585
115;119600;135177;1616715;091355;1092605
115;119700;135182;1618130;091364;1093625
115;119800;135186;1619530;091372;1094635
115;119900;135190;1620930;091381;1095660
115;120000;135195;1622340;091390;1096680
115;120100;135199;1623740;091398;1097690
115;120200;135203;1625140;091407;1098710
115;120300;135208;1626550;091416;1099735
115;120400;135212;1627950;091424;1100745
115;120500;135216;1629355;091433;1101770
115;120600;135221;1630765;091442;1102790
115;120700;135225;1632165;091450;1103800
115;120800;135229;1633565;091459;1104825
115;120900;135234;1634980;091468;1105850
115;121000;135238;1636380;091476;1106860
115;121100;135242;1637780;091485;1107885
115;121200;135247;1639195;091493;1108895
115;121300;135251;1640595;091502;1109920
115;121400;135255;1641995;091511;1110945
115;121500;135260;1643410;091519;1111955
115;121600;135264;1644810;091528;1112980
115;121700;135268;1646210;091537;1114005
115;121800;135273;1647625;091545;1115020
115;121900;135277;1649025;091554;1116045
115;122000;135281;1650430;091563;1117070
115;122100;135286;1651840;091571;1118080
115;122200;135290;1653245;091580;1119110
115;122300;135294;1654645;091589;1120135
115;122400;135299;1656060;091597;1121145
115;122500;135303;1657460;091606;1122175
115;122600;135307;1658865;091615;1123200
115;122700;135312;1660280;091623;1124215
115;122800;135316;1661680;091632;1125240
115;122900;135320;1663085;091641;1126270
115;123000;135325;1664500;091649;1127285
115;123100;135329;1665900;091658;1128310
115;123200;135333;1667305;091667;1129335
115;123300;135338;1668720;091675;1130355
115;123400;135342;1670120;091684;1131380
115;123500;135346;1671525;091693;1132410
115;123600;135351;1672940;091701;1133425
115;123700;135355;1674340;091710;1134455
115;123800;135359;1675745;091719;1135480
115;123900;135364;1677160;091727;1136500
115;124000;135368;1678565;091736;1137525
115;124100;135372;1679965;091745;1138555
115;124200;135377;1681380;091753;1139570
115;124300;135381;1682785;091762;1140600
115;124400;135385;1684190;091770;1141620
115;124500;135390;1685605;091779;1142650
115;124600;135394;1687010;091788;1143680
115;124700;135398;1688415;091796;1144695
115;124800;135403;1689830;091805;1145725
115;124900;135407;1691235;091814;1146755
115;125000;135411;1692640;091822;1147775
115;125100;135416;1694055;091831;1148805
115;125200;135420;1695460;091840;1149835
115;125300;135424;1696865;091848;1150855
115;125400;135429;1698280;091857;1151885
115;125500;135433;1699685;091866;1152920
115;125600;135437;1701090;091874;1153935
115;125700;135442;1702505;091883;1154970
115;125800;135446;1703910;091892;1156000
115;125900;135450;1705315;091900;1157020
115;126000;135455;1706735;091909;1158055
115;126100;135459;1708140;091918;1159085
115;126200;135463;1709545;091926;1160105
115;126300;135468;1710960;091935;1161140
115;126400;135472;1712365;091944;1162170
115;126500;135476;1713770;091952;1163195
115;126600;135480;1715175;091961;1164225
115;126700;135485;1716595;091970;1165260
115;126800;135489;1718000;091978;1166280
115;126900;135493;1719405;091987;1167315
115;127000;135498;1720825;091996;1168350
115;127100;135502;1722230;092004;1169370
115;127200;135506;1723635;092013;1170405
115;127300;135511;1725055;092022;1171440
115;127400;135515;1726460;092030;1172460
115;127500;135519;1727865;092039;1173495
115;127600;135524;1729285;092048;1174530
115;127700;135528;1730695;092056;1175555
115;127800;135532;1732100;092065;1176590
115;127900;135537;1733520;092074;1177625
115;128000;135541;1734925;092082;1178650
115;128100;135545;1736330;092091;1179685
115;128200;135550;1737750;092100;1180720
115;128300;135554;1739160;092108;1181745
115;128400;135558;1740565;092117;1182780
115;128500;135563;1741985;092126;1183820
115;128600;135567;1743390;092134;1184845
115;128700;135571;1744800;092143;1185880
115;128800;135576;1746220;092151;1186905
115;128900;135580;1747625;092160;1187940
115;129000;135584;1749035;092169;1188980
115;129100;135589;1750455;092177;1190005
115;129200;135593;1751860;092186;1191045
115;129300;135597;1753270;092195;1192080
115;129400;135602;1754690;092203;1193105
115;129500;135606;1756100;092212;1194145
115;129600;135610;1757505;092221;1195185
115;129700;135615;1758925;092229;1196210
115;129800;135619;1760335;092238;1197250
115;129900;135623;1761745;092247;1198290
115;130000;135628;1763165;092255;1199315
115;130100;135632;1764570;092264;1200355
115;130200;135636;1765980;092273;1201395
115;130300;135641;1767400;092281;1202420
115;130400;135645;1768810;092290;1203460
115;130500;135649;1770220;092299;1204500
115;130600;135654;1771640;092307;1205530
115;130700;135658;1773050;092316;1206570
115;130800;135662;1774460;092325;1207610
115;130900;135667;1775880;092333;1208640
115;131000;135671;1777290;092342;1209680
115;131100;135675;1778700;092351;1210720
115;131200;135680;1780120;092359;1211750
115;131300;135684;1781530;092368;1212790
115;131400;135688;1782940;092377;1213835
115;131500;135693;1784365;092385;1214865
115;131600;135697;1785775;092394;1215905
115;131700;135701;1787180;092403;1216950
115;131800;135706;1788605;092411;1217975
115;131900;135710;1790015;092420;1219020
115;132000;135714;1791425;092429;1220065
115;132100;135719;1792850;092437;1221095
115;132200;135723;1794260;092446;1222135
115;132300;135727;1795670;092454;1223165
115;132400;135732;1797090;092463;1224210
115;132500;135736;1798500;092472;1225255
115;132600;135740;1799910;092480;1226285
115;132700;135745;1801335;092489;1227330
115;132800;135749;1802745;092498;1228375
115;132900;135753;1804155;092506;1229405
115;133000;135758;1805580;092515;1230450
115;133100;135762;1806990;092524;1231495
115;133200;135766;1808405;092532;1232525
115;133300;135771;1809825;092541;1233570
115;133400;135775;1811240;092550;1234615
115;133500;135779;1812650;092558;1235650
115;133600;135784;1814075;092567;1236695
115;133700;135788;1815485;092576;1237740
115;133800;135792;1816895;092584;1238775
115;133900;135797;1818320;092593;1239820
115;134000;135801;1819735;092602;1240865
115;134100;135805;1821145;092610;1241900
115;134200;135810;1822570;092619;1242945
115;134300;135814;1823980;092628;1243995
115;134400;135818;1825395;092636;1245030
115;134500;135822;1826805;092645;1246075
115;134600;135827;1828230;092654;1247125
115;134700;135831;1829645;092662;1248155
115;134800;135835;1831055;092671;1249205
115;134900;135840;1832480;092680;1250255
115;135000;135844;1833895;092688;1251290
115;135100;135848;1835305;092697;1252335
115;135200;135853;1836735;092706;1253385
115;135300;135857;1838145;092714;1254420
115;135400;135861;1839560;092723;1255470
115;135500;135866;1840985;092732;1256520
115;135600;135870;1842395;092740;1257555
115;135700;135874;1843810;092749;1258605
115;135800;135879;1845235;092758;1259655
115;135900;135883;1846650;092766;1260690
115;136000;135887;1848065;092775;1261740
115;136100;135892;1849490;092784;1262790
115;136200;135896;1850905;092792;1263825
115;136300;135900;1852315;092801;1264880
115;136400;135905;1853745;092810;1265930
115;136500;135909;1855160;092818;1266965
115;136600;135913;1856570;092827;1268015
115;136700;135918;1858000;092835;1269055
115;136800;135922;1859415;092844;1270105
115;136900;135926;1860825;092853;1271160
115;137000;135931;1862255;092861;1272195
115;137100;135935;1863670;092870;1273250
115;137200;135939;1865085;092879;1274300
115;137300;135944;1866510;092887;1275340
115;137400;135948;1867925;092896;1276390
115;137500;135952;1869340;092905;1277445
115;137600;135957;1870770;092913;1278485
115;137700;135961;1872185;092922;1279535
115;137800;135965;1873600;092931;1280590
115;137900;135970;1875025;092939;1281630
115;138000;135974;1876440;092948;1282680
115;138100;135978;1877855;092957;1283735
115;138200;135983;1879285;092965;1284775
115;138300;135987;1880700;092974;1285830
115;138400;135991;1882115;092983;1286885
115;138500;135996;1883545;092991;1287925
115;138600;136000;1884960;093000;1288980
115;138700;136004;1886375;093009;1290035
115;138800;136009;1887805;093017;1291075
115;138900;136013;1889220;093026;1292130
115;139000;136017;1890635;093035;1293185
115;139100;136022;1892065;093043;1294230
115;139200;136026;1893480;093052;1295285
115;139300;136030;1894900;093061;1296340
115;139400;136035;1896330;093069;1297380
115;139500;136039;1897745;093078;1298440
115;139600;136043;1899160;093087;1299495
115;139700;136048;1900590;093095;1300535
115;139800;136052;1902005;093104;1301595
115;139900;136056;1903425;093112;1302635
115;140000;136061;1904855;093121;1303695
115;140100;136065;1906270;093130;1304750
115;140200;136069;1907685;093138;1305795
115;140300;136074;1909120;093147;1306850
115;140400;136078;1910535;093156;1307910
115;140500;136082;1911950;093164;1308955
115;140600;136087;1913385;093173;1310010
115;140700;136091;1914800;093182;1311070
115;140800;136095;1916220;093190;1312115
115;140900;136100;1917650;093199;1313175
115;141000;136104;1919065;093208;1314235
115;141100;136108;1920485;093216;1315280
115;141200;136113;1921915;093225;1316335
115;141300;136117;1923335;093234;1317395
115;141400;136121;1924750;093242;1318440
115;141500;136126;1926185;093251;1319500
115;141600;136130;1927600;093260;1320560
115;141700;136134;1929020;093268;1321610
115;141800;136139;1930450;093277;1322670
115;141900;136143;1931870;093286;1323730
115;142000;136147;1933285;093294;1324775
115;142100;136151;1934705;093303;1325835
115;142200;136156;1936140;093312;1326895
115;142300;136160;1937555;093320;1327945
115;142400;136164;1938975;093329;1329005
115;142500;136169;1940410;093338;1330065
115;142600;136173;1941825;093346;1331115
115;142700;136177;1943245;093355;1332175
115;142800;136182;1944680;093364;1333240
115;142900;136186;1946100;093372;1334285
115;143000;136190;1947515;093381;1335350
115;143100;136195;1948950;093390;1336410
115;143200;136199;1950370;093398;1337460
115;143300;136203;1951790;093407;1338520
115;143400;136208;1953225;093416;1339585
115;143500;136212;1954640;093424;1340635
115;143600;136216;1956060;093433;1341700
115;143700;136221;1957495;093442;1342760
115;143800;136225;1958915;093450;1343810
115;143900;136229;1960335;093459;1344875
115;144000;136234;1961770;093468;1345940
115;144100;136238;1963190;093476;1346990
115;144200;136242;1964610;093485;1348055
115;144300;136247;1966045;093493;1349105
115;144400;136251;1967465;093502;1350170
115;144500;136255;1968885;093511;1351235
115;144600;136260;1970320;093519;1352285
115;144700;136264;1971740;093528;1353350
115;144800;136268;1973160;093537;1354415
115;144900;136273;1974595;093545;1355465
115;145000;136277;1976015;093554;1356535
115;145100;136281;1977435;093563;1357600
115;145200;136286;1978875;093571;1358650
115;145300;136290;1980295;093580;1359715
115;145400;136294;1981715;093589;1360785
115;145500;136299;1983150;093597;1361835
115;145600;136303;1984570;093606;1362905
115;145700;136307;1985995;093615;1363970
115;145800;136312;1987430;093623;1365025
115;145900;136316;1988850;093632;1366090
115;146000;136320;1990270;093641;1367160
115;146100;136325;1991710;093649;1368210
115;146200;136329;1993130;093658;1369280
115;146300;136333;1994550;093667;1370350
115;146400;136338;1995990;093675;1371400
115;146500;136342;1997410;093684;1372470
115;146600;136346;1998830;093693;1373540
115;146700;136351;2000270;093701;1374595
115;146800;136355;2001690;093710;1375665
115;146900;136359;2003115;093719;1376730
115;147000;136364;2004550;093727;1377785
115;147100;136368;2005975;093736;1378855
115;147200;136372;2007395;093745;1379925
115;147300;136377;2008835;093753;1380980
115;147400;136381;2010255;093762;1382050
115;147500;136385;2011680;093770;1383110
115;147600;136390;2013115;093779;1384180
115;147700;136394;2014540;093788;1385250
115;147800;136398;2015960;093796;1386305
115;147900;136403;2017400;093805;1387375
115;148000;136407;2018825;093814;1388445
115;148100;136411;2020245;093822;1389505
115;148200;136416;2021685;093831;1390575
115;148300;136420;2023110;093840;1391645
115;148400;136424;2024530;093848;1392705
115;148500;136429;2025970;093857;1393775
115;148600;136433;2027395;093866;1394850
115;148700;136437;2028820;093874;1395905
115;148800;136442;2030255;093883;1396980
115;148900;136446;2031680;093892;1398050
115;149000;136450;2033105;093900;1399110
115;149100;136455;2034545;093909;1400185
115;149200;136459;2035970;093918;1401255
115;149300;136463;2037395;093926;1402315
115;149400;136468;2038830;093935;1403390
115;149500;136472;2040255;093944;1404465
115;149600;136476;2041680;093952;1405520
115;149700;136480;2043105;093961;1406595
115;149800;136485;2044545;093970;1407670
115;149900;136489;2045970;093978;1408730
115;150000;136493;2047395;093987;1409805
115;150100;136498;2048835;093996;1410880
115;150200;136502;2050260;094004;1411940
115;150300;136506;2051685;094013;1413015
115;150400;136511;2053125;094022;1414090
115;150500;136515;2054550;094030;1415150
115;150600;136519;2055975;094039;1416225
115;150700;136524;2057415;094048;1417305
115;150800;136528;2058840;094056;1418365
115;150900;136532;2060270;094065;1419440
115;151000;136537;2061710;094074;1420515
115;151100;136541;2063135;094082;1421580
115;151200;136545;2064560;094091;1422655
115;151300;136550;2066000;094100;1423735
115;151400;136554;2067430;094108;1424795
115;151500;136558;2068855;094117;1425875
115;151600;136563;2070295;094126;1426950
115;151700;136567;2071720;094134;1428015
115;151800;136571;2073150;094143;1429090
115;151900;136576;2074590;094151;1430155
115;152000;136580;2076015;094160;1431230
115;152100;136584;2077445;094169;1432310
115;152200;136589;2078885;094177;1433375
115;152300;136593;2080310;094186;1434455
115;152400;136597;2081740;094195;1435530
115;152500;136602;2083180;094203;1436595
115;152600;136606;2084610;094212;1437675
115;152700;136610;2086035;094221;1438755
115;152800;136615;2087475;094229;1439820
115;152900;136619;2088905;094238;1440900
115;153000;136623;2090330;094247;1441980
115;153100;136628;2091775;094255;1443045
115;153200;136632;2093200;094264;1444125
115;153300;136636;2094630;094273;1445205
115;153400;136641;2096075;094281;1446270
115;153500;136645;2097500;094290;1447350
115;153600;136649;2098930;094299;1448435
115;153700;136654;2100370;094307;1449500
115;153800;136658;2101800;094316;1450580
115;153900;136662;2103230;094325;1451660
115;154000;136667;2104670;094333;1452730
115;154100;136671;2106100;094342;1453810
115;154200;136675;2107530;094351;1454890
115;154300;136680;2108970;094359;1455960
115;154400;136684;2110400;094368;1457040
115;154500;136688;2111830;094377;1458125
115;154600;136693;2113275;094385;1459190
115;154700;136697;2114705;094394;1460275
115;154800;136701;2116130;094403;1461360
115;154900;136706;2117575;094411;1462425
115;155000;136710;2119005;094420;1463510
115;155100;136714;2120435;094429;1464595
115;155200;136719;2121880;094437;1465660
115;155300;136723;2123310;094446;1466745
115;155400;136727;2124740;094454;1467815
115;155500;136732;2126185;094463;1468900
115;155600;136736;2127610;094472;1469985
115;155700;136740;2129040;094480;1471055
115;155800;136745;2130485;094489;1472140
115;155900;136749;2131915;094498;1473225
115;156000;136753;2133345;094506;1474295
115;156100;136758;2134790;094515;1475380
115;156200;136762;2136220;094524;1476465
115;156300;136766;2137655;094532;1477535
115;156400;136771;2139100;094541;1478620
115;156500;136775;2140530;094550;1479710
115;156600;136779;2141960;094558;1480780
115;156700;136784;2143405;094567;1481865
115;156800;136788;2144835;094576;1482950
115;156900;136792;2146265;094584;1484025
115;157000;136797;2147715;094593;1485110
115;157100;136801;2149145;094602;1486195
115;157200;136805;2150575;094610;1487270
115;157300;136810;2152020;094619;1488355
115;157400;136814;2153450;094628;1489445
115;157500;136818;2154885;094636;1490515
115;157600;136822;2156315;094645;1491605
115;157700;136827;2157760;094654;1492695
115;157800;136831;2159195;094662;1493765
115;157900;136835;2160625;094671;1494855
115;158000;136840;2162070;094680;1495945
115;158100;136844;2163505;094688;1497015
115;158200;136848;2164935;094697;1498105
115;158300;136853;2166385;094706;1499195
115;158400;136857;2167815;094714;1500270
115;158500;136861;2169245;094723;1501360
115;158600;136866;2170695;094732;1502450
115;158700;136870;2172125;094740;1503525
115;158800;136874;2173560;094749;1504615
115;158900;136879;2175005;094758;1505705
115;159000;136883;2176440;094766;1506780
115;159100;136887;2177870;094775;1507870
115;159200;136892;2179320;094784;1508960
115;159300;136896;2180755;094792;1510035
115;159400;136900;2182185;094801;1511130
115;159500;136905;2183635;094810;1512220
115;159600;136909;2185070;094818;1513295
115;159700;136913;2186500;094827;1514385
115;159800;136918;2187950;094835;1515465
115;159900;136922;2189385;094844;1516555
115;160000;136926;2190815;094853;1517650
115;160100;136931;2192265;094861;1518725
115;160200;136935;2193700;094870;1519815
115;160300;136939;2195130;094879;1520910
115;160400;136944;2196580;094887;1521985
115;160500;136948;2198015;094896;1523080
115;160600;136952;2199450;094905;1524175
115;160700;136957;2200900;094913;1525250
115;160800;136961;2202335;094922;1526345
115;160900;136965;2203765;094931;1527440
115;161000;136970;2205215;094939;1528520
115;161100;136974;2206650;094948;1529610
115;161200;136978;2208085;094957;1530705
115;161300;136983;2209535;094965;1531785
115;161400;136987;2210970;094974;1532880
115;161500;136991;2212405;094983;1533975
115;161600;136996;2213855;094991;1535055
115;161700;137000;2215290;095000;1536150
115;161800;137004;2216725;095009;1537245
115;161900;137009;2218175;095017;1538325
115;162000;137013;2219610;095026;1539420
115;162100;137017;2221045;095035;1540515
115;162200;137022;2222495;095043;1541595
115;162300;137026;2223930;095052;1542695
115;162400;137030;2225365;095061;1543790
115;162500;137035;2226820;095069;1544870
115;162600;137039;2228255;095078;1545970
115;162700;137043;2229690;095087;1547065
115;162800;137048;2231140;095095;1548145
115;162900;137052;2232575;095104;1549245
115;163000;137056;2234015;095112;1550325
115;163100;137061;2235465;095121;1551425
115;163200;137065;2236900;095130;1552520
115;163300;137069;2238335;095138;1553605
115;163400;137074;2239790;095147;1554700
115;163500;137078;2241225;095156;1555800
115;163600;137082;2242660;095164;1556885
115;163700;137087;2244115;095173;1557980
115;163800;137091;2245550;095182;1559080
115;163900;137095;2246985;095190;1560165
115;164000;137100;2248440;095199;1561265
115;164100;137104;2249875;095208;1562365
115;164200;137108;2251315;095216;1563445
115;164300;137113;2252765;095225;1564545
115;164400;137117;2254205;095234;1565645
115;164500;137121;2255640;095242;1566730
115;164600;137126;2257095;095251;1567830
115;164700;137130;2258530;095260;1568930
115;164800;137134;2259970;095268;1570015
115;164900;137139;2261420;095277;1571120
115;165000;137143;2262860;095286;1572220
115;165100;137147;2264295;095294;1573305
115;165200;137151;2265735;095303;1574405
115;165300;137156;2267190;095312;1575505
115;165400;137160;2268625;095320;1576595
115;165500;137164;2270065;095329;1577695
115;165600;137169;2271520;095338;1578795
115;165700;137173;2272955;095346;1579885
115;165800;137177;2274395;095355;1580985
115;165900;137182;2275850;095364;1582090
115;166000;137186;2277290;095372;1583175
115;166100;137190;2278725;095381;1584280
115;166200;137195;2280180;095390;1585380
115;166300;137199;2281620;095398;1586470
115;166400;137203;2283060;095407;1587570
115;166500;137208;2284515;095416;1588675
115;166600;137212;2285950;095424;1589765
115;166700;137216;2287390;095433;1590870
115;166800;137221;2288845;095442;1591975
115;166900;137225;2290285;095450;1593060
115;167000;137229;2291725;095459;1594165
115;167100;137234;2293180;095468;1595270
115;167200;137238;2294620;095476;1596360
115;167300;137242;2296060;095485;1597465
115;167400;137247;2297515;095493;1598555
115;167500;137251;2298955;095502;1599660
115;167600;137255;2300395;095511;1600765
115;167700;137260;2301850;095519;1601855
115;167800;137264;2303290;095528;1602960
115;167900;137268;2304730;095537;1604065
115;168000;137273;2306185;095545;1605155
115;168100;137277;2307625;095554;1606265
115;168200;137281;2309065;095563;1607370
115;168300;137286;2310525;095571;1608460
115;168400;137290;2311965;095580;1609565
115;168500;137294;2313405;095589;1610675
115;168600;137299;2314860;095597;1611765
115;168700;137303;2316300;095606;1612875
115;168800;137307;2317740;095615;1613980
115;168900;137312;2319200;095623;1615070
115;169000;137316;2320640;095632;1616180
115;169100;137320;2322080;095641;1617290
115;169200;137325;2323540;095649;1618380
115;169300;137329;2324980;095658;1619490
115;169400;137333;2326420;095667;1620600
115;169500;137338;2327880;095675;1621690
115;169600;137342;2329320;095684;1622800
115;169700;137346;2330760;095693;1623910
115;169800;137351;2332220;095701;1625005
115;169900;137355;2333660;095710;1626115
115;170000;137359;2335105;095719;1627225
115;170100;137364;2336560;095727;1628315
115;170200;137368;2338005;095736;1629425
115;170300;137372;2339445;095745;1630535
115;170400;137377;2340905;095753;1631630
115;170500;137381;2342345;095762;1632740
115;170600;137385;2343790;095770;1633835
115;170700;137390;2345245;095779;1634950
115;170800;137394;2346690;095788;1636060
115;170900;137398;2348130;095796;1637155
115;171000;137403;2349590;095805;1638265
115;171100;137407;2351035;095814;1639380
115;171200;137411;2352475;095822;1640475
115;171300;137416;2353935;095831;1641585
115;171400;137420;2355380;095840;1642700
115;171500;137424;2356820;095848;1643795
115;171600;137429;2358280;095857;1644905
115;171700;137433;2359725;095866;1646020
115;171800;137437;2361170;095874;1647115
115;171900;137442;2362630;095883;1648230
115;172000;137446;2364070;095892;1649340
115;172100;137450;2365515;095900;1650440
115;172200;137455;2366975;095909;1651555
115;172300;137459;2368420;095918;1652665
115;172400;137463;2369860;095926;1653765
115;172500;137468;2371325;095935;1654880
115;172600;137472;2372765;095944;1655995
115;172700;137476;2374210;095952;1657090
115;172800;137480;2375655;095961;1658205
115;172900;137485;2377115;095970;1659320
115;173000;137489;2378560;095978;1660420
115;173100;137493;2380005;095987;1661535
115;173200;137498;2381465;095996;1662650
115;173300;137502;2382910;096004;1663750
115;173400;137506;2384355;096013;1664865
115;173500;137511;2385815;096022;1665980
115;173600;137515;2387260;096030;1667080
115;173700;137519;2388705;096039;1668195
115;173800;137524;2390165;096048;1669315
115;173900;137528;2391610;096056;1670415
115;174000;137532;2393055;096065;1671530
115;174100;137537;2394520;096074;1672650
115;174200;137541;2395965;096082;1673750
115;174300;137545;2397410;096091;1674865
115;174400;137550;2398870;096100;1675985
115;174500;137554;2400315;096108;1677085
115;174600;137558;2401765;096117;1678205
115;174700;137563;2403225;096126;1679320
115;174800;137567;2404670;096134;1680420
115;174900;137571;2406115;096143;1681540
115;175000;137576;2407580;096151;1682645
115;175100;137580;2409025;096160;1683760
115;175200;137584;2410470;096169;1684880
115;175300;137589;2411935;096177;1685985
115;175400;137593;2413380;096186;1687100
115;175500;137597;2414825;096195;1688220
115;175600;137602;2416290;096203;1689325
115;175700;137606;2417735;096212;1690445
115;175800;137610;2419185;096221;1691565
115;175900;137615;2420650;096229;1692670
115;176000;137619;2422095;096238;1693790
115;176100;137623;2423540;096247;1694910
115;176200;137628;2425005;096255;1696015
115;176300;137632;2426450;096264;1697135
115;176400;137636;2427900;096273;1698255
115;176500;137641;2429365;096281;1699360
115;176600;137645;2430810;096290;1700480
115;176700;137649;2432260;096299;1701605
115;176800;137654;2433725;096307;1702710
115;176900;137658;2435170;096316;1703830
115;177000;137662;2436615;096325;1704955
115;177100;137667;2438085;096333;1706055
115;177200;137671;2439530;096342;1707180
115;177300;137675;2440980;096351;1708305
115;177400;137680;2442445;096359;1709410
115;177500;137684;2443890;096368;1710530
115;177600;137688;2445340;096377;1711655
115;177700;137693;2446805;096385;1712760
115;177800;137697;2448255;096394;1713885
115;177900;137701;2449700;096403;1715010
115;178000;137706;2451165;096411;1716115
115;178100;137710;2452615;096420;1717240
115;178200;137714;2454065;096429;1718365
115;178300;137719;2455530;096437;1719470
115;178400;137723;2456980;096446;1720595
115;178500;137727;2458425;096454;1721705
115;178600;137732;2459895;096463;1722830
115;178700;137736;2461340;096472;1723955
115;178800;137740;2462790;096480;1725060
115;178900;137745;2464260;096489;1726190
115;179000;137749;2465705;096498;1727315
115;179100;137753;2467155;096506;1728420
115;179200;137758;2468625;096515;1729550
115;179300;137762;2470075;096524;1730675
115;179400;137766;2471520;096532;1731785
115;179500;137771;2472990;096541;1732910
115;179600;137775;2474440;096550;1734040
115;179700;137779;2475890;096558;1735145
115;179800;137784;2477355;096567;1736275
115;179900;137788;2478805;096576;1737400
115;180000;137792;2480255;096584;1738510
115;180100;137797;2481725;096593;1739640
115;180200;137801;2483175;096602;1740770
115;180300;137805;2484625;096610;1741880
115;180400;137810;2486090;096619;1743005
115;180500;137814;2487545;096628;1744135
115;180600;137818;2488995;096636;1745245
115;180700;137822;2490445;096645;1746375
115;180800;137827;2491910;096654;1747505
115;180900;137831;2493365;096662;1748615
115;181000;137835;2494815;096671;1749745
115;181100;137840;2496280;096680;1750875
115;181200;137844;2497735;096688;1751985
115;181300;137848;2499185;096697;1753115
115;181400;137853;2500655;096706;1754245
115;181500;137857;2502105;096714;1755360
115;181600;137861;2503555;096723;1756490
115;181700;137866;2505025;096732;1757620
115;181800;137870;2506475;096740;1758735
115;181900;137874;2507930;096749;1759865
115;182000;137879;2509400;096758;1760995
115;182100;137883;2510850;096766;1762110
115;182200;137887;2512300;096775;1763240
115;182300;137892;2513770;096784;1764370
115;182400;137896;2515225;096792;1765485
115;182500;137900;2516675;096801;1766620
115;182600;137905;2518145;096810;1767750
115;182700;137909;2519595;096818;1768865
115;182800;137913;2521050;096827;1770000
115;182900;137918;2522520;096835;1771110
115;183000;137922;2523975;096844;1772245
115;183100;137926;2525425;096853;1773380
115;183200;137931;2526895;096861;1774495
115;183300;137935;2528350;096870;1775625
115;183400;137939;2529800;096879;1776760
115;183500;137944;2531270;096887;1777875
115;183600;137948;2532725;096896;1779010
115;183700;137952;2534180;096905;1780145
115;183800;137957;2535650;096913;1781260
115;183900;137961;2537105;096922;1782395
115;184000;137965;2538555;096931;1783530
115;184100;137970;2540030;096939;1784645
115;184200;137974;2541480;096948;1785780
115;184300;137978;2542935;096957;1786920
115;184400;137983;2544405;096965;1788035
115;184500;137987;2545860;096974;1789170
115;184600;137991;2547315;096983;1790305
115;184700;137996;2548785;096991;1791425
115;184800;138000;2550240;097000;1792560
115;184900;138004;2551695;097009;1793695
115;185000;138009;2553165;097017;1794815
115;185100;138013;2554620;097026;1795950
115;185200;138017;2556075;097035;1797090
115;185300;138022;2557550;097043;1798205
115;185400;138026;2559000;097052;1799345
115;185500;138030;2560455;097061;1800480
115;185600;138035;2561930;097069;1801600
115;185700;138039;2563385;097078;1802740
115;185800;138043;2564840;097087;1803875
115;185900;138048;2566310;097095;1804995
115;186000;138052;2567765;097104;1806135
115;186100;138056;2569220;097112;1807255
115;186200;138061;2570695;097121;1808395
115;186300;138065;2572150;097130;1809530
115;186400;138069;2573605;097138;1810650
115;186500;138074;2575080;097147;1811790
115;186600;138078;2576535;097156;1812930
115;186700;138082;2577990;097164;1814050
115;186800;138087;2579465;097173;1815190
115;186900;138091;2580920;097182;1816330
115;187000;138095;2582375;097190;1817455
115;187100;138100;2583850;097199;1818595
115;187200;138104;2585305;097208;1819735
115;187300;138108;2586765;097216;1820855
115;187400;138113;2588240;097225;1821995
115;187500;138117;2589695;097234;1823140
115;187600;138121;2591150;097242;1824260
115;187700;138126;2592625;097251;1825400
115;187800;138130;2594080;097260;1826545
115;187900;138134;2595540;097268;1827665
115;188000;138139;2597015;097277;1828810
115;188100;138143;2598470;097286;1829950
115;188200;138147;2599925;097294;1831075
115;188300;138151;2601385;097303;1832215
115;188400;138156;2602860;097312;1833360
115;188500;138160;2604315;097320;1834480
115;188600;138164;2605775;097329;1835625
115;188700;138169;2607250;097338;1836770
115;188800;138173;2608705;097346;1837890
115;188900;138177;2610165;097355;1839035
115;189000;138182;2611640;097364;1840180
115;189100;138186;2613095;097372;1841305
115;189200;138190;2614555;097381;1842450
115;189300;138195;2616030;097390;1843595
115;189400;138199;2617490;097398;1844720
115;189500;138203;2618945;097407;1845865
115;189600;138208;2620425;097416;1847005
115;189700;138212;2621880;097424;1848135
115;189800;138216;2623340;097433;1849280
115;189900;138221;2624815;097442;1850425
115;190000;138225;2626275;097450;1851550
115;190100;138229;2627735;097459;1852695
115;190200;138234;2629210;097468;1853840
115;190300;138238;2630670;097476;1854970
115;190400;138242;2632130;097485;1856115
115;190500;138247;2633605;097493;1857240
115;190600;138251;2635065;097502;1858390
115;190700;138255;2636525;097511;1859535
115;190800;138260;2638000;097519;1860665
115;190900;138264;2639460;097528;1861810
115;191000;138268;2640920;097537;1862955
115;191100;138273;2642395;097545;1864085
115;191200;138277;2643855;097554;1865230
115;191300;138281;2645315;097563;1866380
115;191400;138286;2646795;097571;1867510
115;191500;138290;2648255;097580;1868655
115;191600;138294;2649715;097589;1869805
115;191700;138299;2651190;097597;1870935
115;191800;138303;2652650;097606;1872085
115;191900;138307;2654110;097615;1873230
115;192000;138312;2655590;097623;1874360
115;192100;138316;2657050;097632;1875510
115;192200;138320;2658510;097641;1876660
115;192300;138325;2659990;097649;1877790
115;192400;138329;2661450;097658;1878940
115;192500;138333;2662910;097667;1880090
115;192600;138338;2664390;097675;1881220
115;192700;138342;2665850;097684;1882370
115;192800;138346;2667310;097693;1883520
115;192900;138351;2668790;097701;1884650
115;193000;138355;2670250;097710;1885805
115;193100;138359;2671710;097719;1886955
115;193200;138364;2673190;097727;1888085
115;193300;138368;2674655;097736;1889235
115;193400;138372;2676115;097745;1890390
115;193500;138377;2677595;097753;1891520
115;193600;138381;2679055;097762;1892670
115;193700;138385;2680515;097770;1893805
115;193800;138390;2682000;097779;1894955
115;193900;138394;2683460;097788;1896110
115;194000;138398;2684920;097796;1897240
115;194100;138403;2686400;097805;1898395
115;194200;138407;2687865;097814;1899550
115;194300;138411;2689325;097822;1900680
115;194400;138416;2690805;097831;1901835
115;194500;138420;2692270;097840;1902990
115;194600;138424;2693730;097848;1904120
115;194700;138429;2695215;097857;1905275
115;194800;138433;2696675;097866;1906430
115;194900;138437;2698135;097874;1907565
115;195000;138442;2699620;097883;1908720
115;195100;138446;2701080;097892;1909875
115;195200;138450;2702545;097900;1911010
115;195300;138455;2704025;097909;1912165
115;195400;138459;2705490;097918;1913320
115;195500;138463;2706950;097926;1914455
115;195600;138468;2708435;097935;1915610
115;195700;138472;2709895;097944;1916765
115;195800;138476;2711360;097952;1917900
115;195900;138480;2712825;097961;1919055
115;196000;138485;2714305;097970;1920210
115;196100;138489;2715770;097978;1921350
115;196200;138493;2717235;097987;1922505
115;196300;138498;2718715;097996;1923660
115;196400;138502;2720180;098004;1924800
115;196500;138506;2721645;098013;1925955
115;196600;138511;2723125;098022;1927115
115;196700;138515;2724590;098030;1928250
115;196800;138519;2726055;098039;1929410
115;196900;138524;2727540;098048;1930565
115;197000;138528;2729000;098056;1931705
115;197100;138532;2730465;098065;1932860
115;197200;138537;2731950;098074;1934020
115;197300;138541;2733415;098082;1935160
115;197400;138545;2734880;098091;1936315
115;197500;138550;2736365;098100;1937475
115;197600;138554;2737825;098108;1938615
115;197700;138558;2739290;098117;1939775
115;197800;138563;2740775;098126;1940930
115;197900;138567;2742240;098134;1942070
115;198000;138571;2743705;098143;1943230
115;198100;138576;2745190;098151;1944370
115;198200;138580;2746655;098160;1945530
115;198300;138584;2748120;098169;1946690
115;198400;138589;2749605;098177;1947830
115;198500;138593;2751070;098186;1948990
115;198600;138597;2752535;098195;1950155
115;198700;138602;2754020;098203;1951295
115;198800;138606;2755485;098212;1952455
115;198900;138610;2756955;098221;1953615
115;199000;138615;2758440;098229;1954755
115;199100;138619;2759905;098238;1955920
115;199200;138623;2761370;098247;1957080
115;199300;138628;2762855;098255;1958220
115;199400;138632;2764320;098264;1959385
115;199500;138636;2765790;098273;1960545
115;199600;138641;2767275;098281;1961690
115;199700;138645;2768740;098290;1962850
115;199800;138649;2770205;098299;1964015
115;199900;138654;2771695;098307;1965155
115;200000;138658;2773160;098316;1966320
115;200100;138662;2774625;098325;1967485
115;200200;138667;2776115;098333;1968625
115;200300;138671;2777580;098342;1969790
115;200400;138675;2779045;098351;1970955
115;200500;138680;2780535;098359;1972100
115;200600;138684;2782000;098368;1973260
115;200700;138688;2783470;098377;1974425
115;200800;138693;2784955;098385;1975570
115;200900;138697;2786425;098394;1976735
115;201000;138701;2787890;098403;1977900
115;201100;138706;2789380;098411;1979045
115;201200;138710;2790845;098420;1980210
115;201300;138714;2792315;098429;1981375
115;201400;138719;2793800;098437;1982520
115;201500;138723;2795270;098446;1983685
115;201600;138727;2796735;098454;1984835
115;201700;138732;2798225;098463;1986000
115;201800;138736;2799690;098472;1987165
115;201900;138740;2801160;098480;1988310
115;202000;138745;2802650;098489;1989480
115;202100;138749;2804115;098498;1990645
115;202200;138753;2805585;098506;1991790
115;202300;138758;2807075;098515;1992960
115;202400;138762;2808545;098524;1994125
115;202500;138766;2810010;098532;1995275
115;202600;138771;2811500;098541;1996440
115;202700;138775;2812970;098550;1997610
115;202800;138779;2814440;098558;1998755
115;202900;138784;2815925;098567;1999925
115;203000;138788;2817395;098576;2001095
115;203100;138792;2818865;098584;2002240
115;203200;138797;2820355;098593;2003410
115;203300;138801;2821825;098602;2004580
115;203400;138805;2823295;098610;2005725
115;203500;138810;2824785;098619;2006895
115;203600;138814;2826255;098628;2008065
115;203700;138818;2827725;098636;2009215
115;203800;138822;2829190;098645;2010385
115;203900;138827;2830685;098654;2011555
115;204000;138831;2832150;098662;2012705
115;204100;138835;2833620;098671;2013875
115;204200;138840;2835115;098680;2015045
115;204300;138844;2836585;098688;2016195
115;204400;138848;2838055;098697;2017365
115;204500;138853;2839545;098706;2018540
115;204600;138857;2841015;098714;2019690
115;204700;138861;2842485;098723;2020860
115;204800;138866;2843975;098732;2022030
115;204900;138870;2845445;098740;2023185
115;205000;138874;2846915;098749;2024355
115;205100;138879;2848410;098758;2025525
115;205200;138883;2849880;098766;2026680
115;205300;138887;2851350;098775;2027850
115;205400;138892;2852840;098784;2029025
115;205500;138896;2854315;098792;2030175
115;205600;138900;2855785;098801;2031350
115;205700;138905;2857275;098810;2032520
115;205800;138909;2858745;098818;2033675
115;205900;138913;2860220;098827;2034850
115;206000;138918;2861710;098835;2036000
115;206100;138922;2863180;098844;2037175
115;206200;138926;2864655;098853;2038350
115;206300;138931;2866145;098861;2039500
115;206400;138935;2867620;098870;2040675
115;206500;138939;2869090;098879;2041850
115;206600;138944;2870585;098887;2043005
115;206700;138948;2872055;098896;2044180
115;206800;138952;2873525;098905;2045355
115;206900;138957;2875020;098913;2046510
115;207000;138961;2876495;098922;2047685
115;207100;138965;2877965;098931;2048860
115;207200;138970;2879460;098939;2050015
115;207300;138974;2880930;098948;2051190
115;207400;138978;2882405;098957;2052370
115;207500;138983;2883895;098965;2053525
115;207600;138987;2885370;098974;2054700
115;207700;138991;2886845;098983;2055875
115;207800;138996;2888335;098991;2057035
115;207900;139000;2889810;099000;2058210
115;208000;139004;2891285;099004;2059285
115;208100;139009;2892775;099009;2060375
115;208200;139013;2894250;099013;2061450
115;208300;139017;2895725;099017;2062525
115;208400;139022;2897220;099022;2063620
115;208500;139026;2898690;099026;2064690
115;208600;139030;2900165;099030;2065765
115;208700;139035;2901660;099035;2066860
115;208800;139039;2903135;099039;2067935
115;208900;139043;2904610;099043;2069010
115;209000;139048;2906105;099048;2070105
115;209100;139052;2907575;099052;2071175
115;209200;139056;2909050;099056;2072250
115;209300;139061;2910545;099061;2073345
115;209400;139065;2912020;099065;2074420
115;209500;139069;2913495;099069;2075495
115;209600;139074;2914990;099074;2076590
115;209700;139078;2916465;099078;2077665
115;209800;139082;2917940;099082;2078740
115;209900;139087;2919435;099087;2079835
115;210000;139091;2920910;099091;2080910
115;210100;139095;2922385;099095;2081985
115;210200;139100;2923880;099100;2083080
115;210300;139104;2925355;099104;2084155
115;210400;139108;2926830;099108;2085230
115;210500;139113;2928330;099113;2086330
115;210600;139117;2929805;099117;2087405
115;210700;139121;2931280;099121;2088480
115;210800;139126;2932775;099126;2089575
115;210900;139130;2934250;099130;2090650
115;211000;139134;2935725;099134;2091725
115;211100;139139;2937225;099139;2092825
115;211200;139143;2938700;099143;2093900
115;211300;139147;2940175;099147;2094975
115;211400;139151;2941650;099151;2096050
115;211500;139156;2943150;099156;2097150
115;211600;139160;2944625;099160;2098225
115;211700;139164;2946100;099164;2099300
115;211800;139169;2947600;099169;2100400
115;211900;139173;2949075;099173;2101475
115;212000;139177;2950550;099177;2102550
115;212100;139182;2952050;099182;2103650
115;212200;139186;2953525;099186;2104725
115;212300;139190;2955005;099190;2105805
115;212400;139195;2956500;099195;2106900
115;212500;139199;2957980;099199;2107980
115;212600;139203;2959455;099203;2109055
115;212700;139208;2960955;099208;2110155
115;212800;139212;2962430;099212;2111230
115;212900;139216;2963910;099216;2112310
115;213000;139221;2965405;099221;2113405
115;213100;139225;2966885;099225;2114485
115;213200;139229;2968360;099229;2115560
115;213300;139234;2969860;099234;2116660
115;213400;139238;2971340;099238;2117740
115;213500;139242;2972815;099242;2118815
115;213600;139247;2974315;099247;2119915
115;213700;139251;2975795;099251;2120995
115;213800;139255;2977270;099255;2122070
115;213900;139260;2978770;099260;2123170
115;214000;139264;2980250;099264;2124250
115;214100;139268;2981730;099268;2125330
115;214200;139273;2983230;099273;2126430
115;214300;139277;2984705;099277;2127505
115;214400;139281;2986185;099281;2128585
115;214500;139286;2987685;099286;2129685
115;214600;139290;2989165;099290;2130765
115;214700;139294;2990640;099294;2131840
115;214800;139299;2992145;099299;2132945
115;214900;139303;2993620;099303;2134020
115;215000;139307;2995100;099307;2135100
115;215100;139312;2996600;099312;2136200
115;215200;139316;2998080;099316;2137280
115;215300;139320;2999560;099320;2138360
115;215400;139325;3001060;099325;2139460
115;215500;139329;3002540;099329;2140540
115;215600;139333;3004020;099333;2141620
115;215700;139338;3005520;099338;2142720
115;215800;139342;3007000;099342;2143800
115;215900;139346;3008480;099346;2144880
115;216000;139351;3009980;099351;2145980
115;216100;139355;3011460;099355;2147060
115;216200;139359;3012940;099359;2148140
115;216300;139364;3014445;099364;2149245
115;216400;139368;3015925;099368;2150325
115;216500;139372;3017405;099372;2151405
115;216600;139377;3018905;099377;2152505
115;216700;139381;3020385;099381;2153585
115;216800;139385;3021865;099385;2154665
115;216900;139390;3023370;099390;2155770
115;217000;139394;3024850;099394;2156850
115;217100;139398;3026330;099398;2157930
115;217200;139403;3027835;099403;2159035
115;217300;139407;3029315;099407;2160115
115;217400;139411;3030795;099411;2161195
115;217500;139416;3032300;099416;2162300
115;217600;139420;3033780;099420;2163380
115;217700;139424;3035260;099424;2164460
115;217800;139429;3036765;099429;2165565
115;217900;139433;3038245;099433;2166645
115;218000;139437;3039725;099437;2167725
115;218100;139442;3041230;099442;2168830
115;218200;139446;3042710;099446;2169910
115;218300;139450;3044195;099450;2170995
115;218400;139455;3045695;099455;2172095
115;218500;139459;3047180;099459;2173180
115;218600;139463;3048660;099463;2174260
115;218700;139468;3050165;099468;2175365
115;218800;139472;3051645;099472;2176445
115;218900;139476;3053130;099476;2177530
115;219000;139480;3054610;099480;2178610
115;219100;139485;3056115;099485;2179715
115;219200;139489;3057600;099489;2180800
115;219300;139493;3059080;099493;2181880
115;219400;139498;3060585;099498;2182985
115;219500;139502;3062070;099502;2184070
115;219600;139506;3063550;099506;2185150
115;219700;139511;3065055;099511;2186255
115;219800;139515;3066540;099515;2187340
115;219900;139519;3068025;099519;2188425
115;220000;139524;3069530;099524;2189530
115;220100;139528;3071010;099528;2190610
115;220200;139532;3072495;099532;2191695
115;220300;139537;3074000;099537;2192800
115;220400;139541;3075485;099541;2193885
115;220500;139545;3076965;099545;2194965
115;220600;139550;3078475;099550;2196075
115;220700;139554;3079955;099554;2197155
115;220800;139558;3081440;099558;2198240
115;220900;139563;3082945;099563;2199345
115;221000;139567;3084430;099567;2200430
115;221100;139571;3085915;099571;2201515
115;221200;139576;3087420;099576;2202620
115;221300;139580;3088905;099580;2203705
115;221400;139584;3090390;099584;2204790
115;221500;139589;3091895;099589;2205895
115;221600;139593;3093380;099593;2206980
115;221700;139597;3094865;099597;2208065
115;221800;139602;3096370;099602;2209170
115;221900;139606;3097855;099606;2210255
115;222000;139610;3099340;099610;2211340
115;222100;139615;3100850;099615;2212450
115;222200;139619;3102335;099619;2213535
115;222300;139623;3103820;099623;2214620
115;222400;139628;3105325;099628;2215725
115;222500;139632;3106810;099632;2216810
115;222600;139636;3108295;099636;2217895
115;222700;139641;3109805;099641;2219005
115;222800;139645;3111290;099645;2220090
115;222900;139649;3112775;099649;2221175
115;223000;139654;3114285;099654;2222285
115;223100;139658;3115770;099658;2223370
115;223200;139662;3117255;099662;2224455
115;223300;139667;3118765;099667;2225565
115;223400;139671;3120250;099671;2226650
115;223500;139675;3121735;099675;2227735
115;223600;139680;3123245;099680;2228845
115;223700;139684;3124730;099684;2229930
115;223800;139688;3126215;099688;2231015
115;223900;139693;3127725;099693;2232125
115;224000;139697;3129215;099697;2233215
115;224100;139701;3130700;099701;2234300
115;224200;139706;3132210;099706;2235410
115;224300;139710;3133695;099710;2236495
115;224400;139714;3135180;099714;2237580
115;224500;139719;3136690;099719;2238690
115;224600;139723;3138180;099723;2239780
115;224700;139727;3139665;099727;2240865
115;224800;139732;3141175;099732;2241975
115;224900;139736;3142665;099736;2243065
115;225000;139740;3144150;099740;2244150
115;225100;139745;3145660;099745;2245260
115;225200;139749;3147145;099749;2246345
115;225300;139753;3148635;099753;2247435
115;225400;139758;3150145;099758;2248545
115;225500;139762;3151635;099762;2249635
115;225600;139766;3153120;099766;2250720
115;225700;139771;3154630;099771;2251830
115;225800;139775;3156120;099775;2252920
115;225900;139779;3157610;099779;2254010
115;226000;139784;3159120;099784;2255120
115;226100;139788;3160605;099788;2256205
115;226200;139792;3162095;099792;2257295
115;226300;139797;3163605;099797;2258405
115;226400;139801;3165095;099801;2259495
115;226500;139805;3166585;099805;2260585
115;226600;139810;3168095;099810;2261695
115;226700;139814;3169585;099814;2262785
115;226800;139818;3171070;099818;2263870
115;226900;139822;3172560;099822;2264960
115;227000;139827;3174075;099827;2266075
115;227100;139831;3175560;099831;2267160
115;227200;139835;3177050;099835;2268250
115;227300;139840;3178565;099840;2269365
115;227400;139844;3180055;099844;2270455
115;227500;139848;3181540;099848;2271540
115;227600;139853;3183055;099853;2272655
115;227700;139857;3184545;099857;2273745
115;227800;139861;3186035;099861;2274835
115;227900;139866;3187545;099866;2275945
115;228000;139870;3189035;099870;2277035
115;228100;139874;3190525;099874;2278125
115;228200;139879;3192040;099879;2279240
115;228300;139883;3193530;099883;2280330
115;228400;139887;3195020;099887;2281420
115;228500;139892;3196530;099892;2282530
115;228600;139896;3198025;099896;2283625
115;228700;139900;3199515;099900;2284715
115;228800;139905;3201025;099905;2285825
115;228900;139909;3202515;099909;2286915
115;229000;139913;3204010;099913;2288010
115;229100;139918;3205520;099918;2289120
115;229200;139922;3207010;099922;2290210
115;229300;139926;3208505;099926;2291305
115;229400;139931;3210015;099931;2292415
115;229500;139935;3211510;099935;2293510
115;229600;139939;3213000;099939;2294600
115;229700;139944;3214515;099944;2295715
115;229800;139948;3216005;099948;2296805
115;229900;139952;3217495;099952;2297895
115;230000;139957;3219010;099957;2299010
115;230100;139961;3220505;099961;2300105
115;230200;139965;3221995;099965;2301195
115;230300;139970;3223510;099970;2302310
115;230400;139974;3225000;099974;2303400
115;230500;139978;3226495;099978;2304495
115;230600;139983;3228010;099983;2305610
115;230700;139987;3229500;099987;2306700
115;230800;139991;3230990;099991;2307790
115;230900;139996;3232510;099996;2308910
115;231000;140000;3234000;100000;2310000
115;231100;140000;3235400;100000;2311000
